2 0.415751286360437 0.378054098139469 0.4162923943253313 0.43865819020762814 0.420801627366117 0.4485985439330935 0.42765566158811114 0.44699526107414733 0.43252563327215976 0.4405821296383634 0.43126304802073967 0.3770921284241014 0.4267538149799541 0.3642658655525333 0.4269341843015855 0.3578527341167493 0.4236875365122198 0.35496682497064647 0.4206212580444856 0.3578527341167493 0.4197194114363284 0.3652278352679009
2 0.4258519683717969 0.35496682497064647 0.4263930763366912 0.35240157239633285 0.4263930763366912 0.3437438449580244 0.43000046276931975 0.3408579358119216 0.4334274798803168 0.344705814673392 0.43360784920194834 0.35336354211170046 0.4377563435994711 0.3639452089807441 0.4386581902076282 0.42583192733606007 0.4355919117398939 0.4344896547743685 0.4332471105586854 0.4354516244897361 0.4319845253072654 0.3774127849958906 0.4274752922664798 0.3645865221243226 0.42765566158811114 0.3568907644013817
2 0.42440901379874546 0.35304288553991126 0.4206212580444856 0.34566778438875967 0.4202605194012227 0.33604808723508356 0.4166531329685942 0.33508611751971595 0.41412796246575423 0.3366894003786619 0.41376722382249137 0.3466297541041272 0.41160279196291427 0.3498363198220192 0.4150298090739113 0.3572114209731708 0.4173746102551199 0.3642658655525333 0.4180960875416456 0.3655484918396901 0.41989978075795986 0.3562494512578033
6 0.6118127389737972 0.41909813932848683 0.6136164321901114 0.40146202788008073 0.6195686198039485 0.3940869267289291 0.6204704664121057 0.38703248214956676 0.624438591487997 0.38446722957525303 0.6278656085989941 0.38703248214956676 0.6284067165638884 0.39601086615966424 0.6327355802830426 0.4094784421748108 0.6300300404585711 0.41909813932848683 0.6278656085989941 0.4168535433259624 0.6273245006340998 0.4078751593158648 0.624438591487997 0.40434793702618355 0.6206508357337371 0.406592533028708 0.6201097277688428 0.4123643513209136
6 0.6119931082954286 0.42230470504637885 0.6071231366113801 0.49252849426821405 0.6118127389737972 0.5047134439962038 0.6175845572660028 0.5072786965705174 0.6238974835231027 0.5050341005679929 0.6273245006340998 0.4979796559886304 0.630390779101834 0.45950086737392626 0.6330963189263055 0.4293591496257413 0.6273245006340998 0.41589157361059476 0.6260619153826799 0.40787515931586477 0.6235367448798399 0.4056305633133404 0.6211919436986313 0.40819581588765397 0.6204704664121057 0.414608947323438
6 0.6165023413362143 0.3895977347238802 0.6235367448798399 0.3790160678548366 0.6238974835231027 0.37260293641905257 0.6273245006340998 0.37003768384473895 0.6305711484234654 0.3709996535601065 0.6323748416397798 0.3758095021369446 0.6320141029965168 0.38222263357272857 0.636342966715671 0.3928043004417722 0.635441120107514 0.4017826844518699 0.6339981655344625 0.40691318960049716 0.6293085631720455 0.39697283587503185 0.6282263472422569 0.386070512434199 0.6242582221663655 0.38286394671630697 0.6206508357337371 0.3851085427188314
4 0.5595056357006837 0.43352768505900086 0.5568000958762122 0.48483273654527326 0.5607682209521035 0.4928491508400032 0.5663596699226778 0.49413177712716 0.571951118893252 0.490925211409268 0.5750173973609863 0.4402614730665742 0.574476289396092 0.43096243248468724 0.5714100109283577 0.42519061419248166 0.5659989312794149 0.42262536161816805 0.5620308062035236 0.42647324047963847
4 0.5759192439691434 0.44186475592552005 0.5726725961797777 0.4915665245528464 0.5770014598989319 0.4986209691322088 0.5833143861560318 0.49958293884757654 0.5869217725886603 0.49605571655789515 0.591431005629446 0.4460332913587797 0.5896273124131318 0.43705490734868213 0.5858395566588719 0.4312830890564765 0.5809695849748233 0.4300004627693197 0.5768210905773005 0.43545162448973607
4 0.5789855224368776 0.4136469776080704 0.5806088463315605 0.4056305633133404 0.584216232764189 0.40370662388260514 0.5885450964833432 0.40370662388260514 0.5925132215592346 0.40755450274407556 0.5944972840971803 0.4136469776080704 0.5946776534188117 0.4203807656156437 0.5916113749510774 0.4171741998977516 0.588003988518449 0.414608947323438 0.5840358634425575 0.4133263210362812 0.5791658917585091 0.4168535433259624
0 0.47328909996086194 0.43769622049226053 0.4754535318204391 0.40434793702618355 0.4736498386041248 0.3639452089807441 0.4812253501126447 0.34053727924013233 0.4828486740073275 0.3328415215171915 0.4857345831534303 0.3309175820864563 0.49042418551584743 0.3331621780889807 0.49042418551584743 0.34278187524265674 0.49529415719989595 0.3607386432628521 0.49439231059173877 0.3912010175828262 0.49312972534031885 0.4421854124973093 0.4875382763697446 0.4508431399356178 0.4803235035044875 0.44891920050488254
0 0.49547452652152735 0.36298323926537646 0.4974585890594731 0.3591353604039061 0.5017874527786274 0.35111894610917604 0.5026892993867844 0.3408579358119216 0.5077396403924643 0.34117859238371073 0.50972370293041 0.35111894610917604 0.5154955212226157 0.3645865221243226 0.516938475795667 0.38254329014451777 0.5151347825793527 0.4287178364821629 0.5145936746144585 0.45789758451498025 0.5055752085328872 0.46110415023287227 0.49709785041621024 0.45404970565350977 0.4942119412701074 0.4412234427819417 0.49619600380805307 0.36683111812684693
0 0.5178403224038242 0.3735649061344201 0.5237925100176613 0.3572114209731708 0.5255962032339755 0.352722228968122 0.525776572555607 0.3475917238194948 0.5290232203449726 0.34438515810160275 0.5331717147424954 0.34695041067591637 0.532991345420864 0.354325511827068 0.5365987318534925 0.3626625826935873 0.5396650103212267 0.37677147185231213 0.5384024250698067 0.3931249570135614 0.5375005784616497 0.4152502604670164 0.537680947783281 0.4360929376333145 0.5371398398183868 0.4492398570766717 0.5315483908478126 0.45950086737392626 0.5225299247662413 0.4614248068046615 0.5165777371524042 0.454370362225299 0.5171188451172986 0.416212230182384 0.5180206917254556 0.39857611873397786
1 0.4857345831534303 0.17924702363016384 0.4835701512938532 0.25652525743136145 0.4900634468725846 0.2629383888671455 0.4972782197378416 0.2619764191517779 0.5026892993867844 0.25876985343388587 0.5041322539598359 0.17924702363016384 0.49908191295415594 0.16706207390217417 0.4992622822757873 0.1587250030356549 0.49475304923500163 0.15680106360491972 0.49042418551584743 0.1580836898920765 0.49042418551584743 0.16834470018933095
1 0.5046733619247301 0.17604045791227182 0.5070181631059386 0.171551265907223 0.5052144698896244 0.1654587910432282 0.5026892993867844 0.16032828589460096 0.5035911459949415 0.15070858874092488 0.498721174310893 0.14782267959482207 0.49475304923500163 0.14910530588197887 0.4945726799133703 0.1539151544588169 0.49854080498926157 0.15680106360491972 0.4998033902406816 0.1654587910432282
1 0.5140525666495643 0.1561597504613413 0.5136918280063013 0.14974661902555728 0.5183814303687184 0.14846399273840047 0.5225299247662413 0.1523118715998709 0.5225299247662413 0.1590456596074441 0.5255962032339755 0.169947983048277 0.5227102940878727 0.18149161963268823 0.5191029076552441 0.1654587910432282 0.5189225383336128 0.1577630333202873
5 0.5957598693486001 0.2279868225421225 0.5928739602024974 0.2741613688797676 0.6000887330677545 0.2837810660334436 0.6078446138979058 0.2821777831744976 0.6114520003305344 0.2542806614288371 0.61217347761706 0.23311732769074975 0.61091089236564 0.22574222653959808 0.6040568581436458 0.22189434767812766 0.5979243012081773 0.22478025682423047
5 0.6125342162603229 0.23600323683685256 0.6170434493011085 0.23151404483180374 0.6199293584472114 0.22574222653959808 0.6247993301312598 0.22606288311138725 0.6300300404585711 0.23151404483180374 0.6305711484234654 0.24241636827263663 0.6269637619908369 0.28923222775386004 0.6199293584472114 0.29051485404101685 0.6128949549035857 0.2857050054641788 0.6098286764358515 0.28121581345913
5 0.597383193243283 0.22157369110633846 0.6013513183191744 0.21516055967055445 0.6053194433950658 0.21195399395266243 0.6092875684709572 0.21195399395266243 0.6132556935468486 0.21483990309876524 0.6148790174415315 0.22157369110633846 0.6154201254064257 0.22702485282675489 0.6150593867631629 0.23087273168822534 0.6128949549035857 0.23087273168822534 0.6114520003305344 0.2254215699678089 0.6056801820383286 0.22157369110633846 0.6017120569624373 0.2202910648191817
3 0.4250282390874156 0.1422583317172142 0.4217707750757493 0.24599361077472254 0.4581693946843683 0.2527917965382001 0.45236261101139796 0.2281169000633558 0.46425943609748366 0.170709998060657 0.44981329135009396 0.14553153226999965
3 0.38862961947879654 0.14502796295418646 0.39372825880140466 0.16718501284996498 0.3879214751284343 0.24473468748518967 0.4229038060363289 0.2502739499591343 0.4203544863750248 0.23415973185311356 0.4237535792567636 0.15056722542813109 0.39783549603350565 0.1447761782962799
3 0.3655441136569875 0.14326547034884046 0.375174876821914 0.14653867090162592 0.3883463617386516 0.14704224021743906 0.39273685671089753 0.16693322819205836 0.3865051864277098 0.24473468748518967 0.35378891744097435 0.23944720966915164 0.36157850529495905 0.22358477622103748 0.3607287320745243 0.20092415700944585
