3 0.39062841656177416 0.14337929567145738 0.38805171196703947 0.24461515619347687 0.4205181898606962 0.24782172191136886 0.42592926950963894 0.15254091200829173
3 0.3643460296954807 0.14337929567145738 0.38908239380493337 0.1461277805725077 0.38624801875072523 0.24690556027768543 0.3535238703975951 0.23957626720821792 0.36151165464127255 0.22400151943559954 0.36176932510074594 0.20476212512824746
3 0.42695995134753284 0.13879848750304022 0.42154887169859007 0.24736364109452713 0.45916875878171604 0.25286061089662776 0.4509233040785652 0.22995657005454187 0.46277614521434457 0.16536717487985983 0.4465429062675162 0.14200505322093224
1 0.48545114564800956 0.1791095993851113 0.48287444105327487 0.2551510149808363 0.4882855207022177 0.26156414641662035 0.49524262310800116 0.2633964696839872 0.5024573959732582 0.25881566151557006 0.5037457482706256 0.18002576101879478 0.49833466862168296 0.16857374059775182 0.4980769981622093 0.15803788181039233 0.4947272821890544 0.15574747772618375 0.49111989575642584 0.15666363935986719 0.4906045548374789 0.16628333651354324
1 0.5050341005679929 0.18002576101879478 0.5099298392979887 0.16719949814722668 0.5101875097574623 0.1575798009935506 0.5150832484874581 0.15666363935986719 0.5197213167579804 0.16032828589460096 0.5189483053795602 0.16903182141459352 0.5222980213527152 0.17681919530090273 0.5184329644606132 0.26156414641662035 0.5117335325143031 0.26385455050082895 0.5047764301085195 0.2606479847829369
1 0.5302858055963926 0.1594121242609175 0.530543476055866 0.15437323527565858 0.5354392147858619 0.15345707364197517 0.5395619421374375 0.15620555854302545 0.5393042716779639 0.1644510132461764 0.5436846694890128 0.17773535693458617 0.5405926239753313 0.1836904075535285 0.5362122261642823 0.1704060638651187 0.5362122261642823 0.16216060916196778
5 0.5949610909242325 0.22858232760401676 0.5926420567889713 0.2753065709218719 0.5977954659784407 0.2817197023576559 0.6034642160868569 0.2835520256250228 0.610163648033167 0.2808035407239725 0.6135133640063221 0.23499545903980082 0.6104213184926405 0.22354343861875786 0.6037218865463303 0.22171111535139099 0.5970224546000202 0.22262727698507445
5 0.6305196143315709 0.2386601055745345 0.6279429097368361 0.2872166721597565 0.6333539893857789 0.29317172277869885 0.6403110917915626 0.294545965229224 0.6449491600620848 0.2922555611450154 0.6485565464947133 0.24644747946084372 0.6464951828189257 0.2377439439408511 0.6403110917915626 0.23133081250506707 0.6320656370884116 0.23362121658927562
5 0.6493295578731337 0.24598939864400196 0.6457221714405053 0.29088131869449024 0.6521639329273419 0.2986686925807995 0.6591210353331255 0.2995848542144829 0.6624707513062805 0.297752530947116 0.6663358081983825 0.249195964361894 0.6645321149820682 0.2414085904755848 0.6586056944141787 0.2377439439408511 0.651648592008395 0.24003434802505963
4 0.5594025675168942 0.43334445273226424 0.5565681924626862 0.4819010193174862 0.5606909198142616 0.4919787972880039 0.5661019994632043 0.4947272821890543 0.5720284200310941 0.4906045548374788 0.5756358064637226 0.44158990743541515 0.5738321132474083 0.4296798061975305 0.5689363745174125 0.4232666747617465 0.5624946130305758 0.42464091721227165
4 0.5764088178421429 0.4411318266185734 0.5733167723284613 0.4906045548374788 0.5769241587610899 0.49610152463957946 0.5833659202479266 0.498391928723788 0.5874886475995019 0.4933530397385292 0.5916113749510774 0.44754495805435746 0.5898076817347632 0.4374671800838397 0.5862002953021347 0.4310540486480557 0.5820775679505592 0.4305959678312139 0.5776971701395103 0.43334445273226424
4 0.568163363138992 0.39578182575124343 0.5697093858958329 0.3879944518649343 0.5740897837068818 0.38478788614704224 0.5779548405989837 0.3852459669638839 0.5800162042747715 0.3875363710480926 0.5820775679505592 0.39120101758282627 0.5815622270316122 0.3985303106522937 0.5802738747342449 0.40677576535544463 0.5774394996800368 0.3985303106522937 0.5738321132474083 0.3971560682017685
0 0.47462898635012396 0.3664646534733736 0.4733406340527566 0.4365510184501563 0.47875171370169944 0.449835362138566 0.48570881610748307 0.4525838470396164 0.4926659185132666 0.4507515237722495 0.4944696117295808 0.4480030388711992 0.49627330494589506 0.3632580877554815 0.4906045548374789 0.34218637018076253 0.4906045548374789 0.33119243057656134 0.48673949794537685 0.32981818812603625 0.48287444105327487 0.33119243057656134 0.4823591001343279 0.34035404691339566
0 0.5225556918121886 0.35043182488391345 0.5292551237584987 0.3366894003786619 0.5295127942179723 0.32569546077446077 0.5338931920290211 0.3229469758734104 0.5372429080021762 0.3270697032249859 0.5369852375427027 0.33714748119550364 0.5423963171916455 0.3682969767407404 0.5405926239753313 0.3788328355280999 0.5341508624884945 0.3591353604039061 0.5323471692721804 0.3499737440670717 0.5297704646774457 0.34768333998286316 0.5259054077853437 0.34859950161654657 0.5253900668663968 0.3536383906018055
0 0.5055494414869398 0.3325666730270866 0.5114758620548295 0.3215727334228853 0.51224887343325 0.3119530362692092 0.5148255780279846 0.3110368746355258 0.5176599530821928 0.31286919790289264 0.5174022826227194 0.32019849097236014 0.5251323964069233 0.3398959660965539 0.519978987217454 0.34951566325023004 0.5135372257306172 0.3325666730270866 0.5132795552711439 0.3261535415913025 0.5091568279195684 0.3270697032249859 0.508383816541148 0.33348283466076994
2 0.41691080342806763 0.4411318266185734 0.417683814806488 0.40265303800386915 0.41691080342806763 0.373793946542841 0.4194875080228023 0.3655484918396901 0.4202605194012227 0.3563868755028558 0.4243832467527982 0.3531803097849638 0.4261869399691124 0.3550126330523306 0.42695995134753284 0.3623419261217981 0.4315980196180552 0.3774585930775747 0.4315980196180552 0.44021566498488995 0.4277329627259532 0.44754495805435746 0.42077586032016967 0.4480030388711992
2 0.42695995134753284 0.35547071386917234 0.42670228088805934 0.3435606126312877 0.42979432640174087 0.3412702085470791 0.43417472421278985 0.3435606126312877 0.43391705375331635 0.3536383906018055 0.4372667697264714 0.36463233020600666 0.4382974515643653 0.4296798061975305 0.43469006513173675 0.43700909926699794 0.43288637191542256 0.43838334171752313 0.4323710309964756 0.3765424314438913
2 0.40325426907597406 0.4338025335491059 0.40248125769755355 0.3678388959238987 0.40608864413018203 0.3586772795870644 0.40557330321123514 0.34951566325023004 0.4102113714817575 0.3472252591660214 0.41304574653596565 0.34951566325023004 0.4140764283738595 0.3614257644881146 0.4166531329685942 0.3682969767407404 0.4156224511307003 0.37562626981020786 0.4166531329685942 0.40265303800386915 0.4158801215901738 0.4374671800838397 0.4125304056170187 0.44158990743541515 0.406603985049129 0.4392995033512065
6 0.6122250117089547 0.422350513128063 0.6062985911410651 0.48877223157011196 0.6122250117089547 0.5061793026100971 0.6202127959526321 0.5075535450606223 0.6261392165205218 0.5020565752585218 0.6328386484668319 0.4305959678312139 0.6276852392773626 0.41547930087543716 0.6279429097368361 0.40585960372176116 0.6240778528447342 0.40311111882071093 0.6204704664121057 0.404485361271236 0.6196974550336852 0.4122727351575452
6 0.6403110917915626 0.40219495718702747 0.6336116598452524 0.4076919269891281 0.6318079666289381 0.41776970495964577 0.6328386484668319 0.425557078845955 0.6410841031699829 0.4209762706775378 0.6431454668457706 0.41410505842491213 0.6439184782241909 0.4099823310733367 0.6482988760352398 0.4095242502564949 0.6503602397110276 0.41776970495964577 0.6519062624678685 0.42647324047963847 0.6537099556841828 0.4182277857764876 0.6508755806299746 0.4076919269891281 0.6493295578731337 0.4008207147365022 0.6490718874136603 0.39486566411755997 0.6470105237378726 0.39303334085019315 0.643403137305244 0.3925752600333514 0.6418571145484033 0.39578182575124343
6 0.6403110917915626 0.3806651587954668 0.6351576826020932 0.3641742493891649 0.6354153530615667 0.3550126330523306 0.6276852392773626 0.3540964714186472 0.6274275688178892 0.3637161685723232 0.6194397845742118 0.3747101081765244 0.6263968869799953 0.3751681889933662 0.62897359157473 0.3696712191912655 0.6336116598452524 0.37150354245863243 0.6346423416831463 0.3802070779786251
