3 0.366024405027378 0.144065078683386 0.3720069733116293 0.1450319584060933 0.378805346361915 0.14648227799015423 0.3831563051140978 0.14648227799015423 0.38750726386628054 0.1450319584060933 0.392945962306509 0.1450319584060933 0.3981127258247261 0.14551539826744694 0.40083207504484036 0.14019755979255685 0.4016478798108747 0.13101220242683762 0.39702498613668047 0.13101220242683762 0.38913887339834907 0.13101220242683762 0.3837001749581206 0.13536316117902042 0.3760859971418007 0.13584660104037405 0.3692876240915151 0.13439628145631313 0.366024405027378 0.13681348076308134
3 0.4244904132598343 0.14986635701962975 0.4198675195856401 0.15228355632639795 0.41470075606742296 0.1518001164650443 0.4098059274712174 0.14793259757421517 0.4043672290309889 0.14793259757421517 0.4013759448888632 0.1450319584060933 0.4013759448888632 0.13681348076308134 0.4013759448888632 0.12956188284277667 0.4043672290309889 0.13101220242683762 0.407630448095126 0.13101220242683762 0.41034979731524024 0.13536316117902042 0.41497269098943446 0.137296920624435 0.420411389429663 0.13778036048578865 0.4253062180258686 0.13826380034714228 0.42884137201201716 0.13874724020849594 0.42884137201201716 0.14551539826744694
3 0.43210459107615423 0.13584660104037405 0.4399907038144855 0.13681348076308134 0.4470610117867826 0.13681348076308134 0.4544032546810911 0.13681348076308134 0.4636490420294796 0.13681348076308134 0.46718419601562805 0.14551539826744694 0.4641929118735024 0.15421731577181252 0.4622893674194224 0.16581987244430002 0.46147356265338824 0.1774224291167875 0.46147356265338824 0.18757466620521399 0.46147356265338824 0.1953097039868723 0.4652806515615481 0.2078791403820671 0.4674561309376395 0.21996513691590822 0.4712632198457994 0.23301801317245657 0.4660964563275824 0.23640209220193206 0.4587542134332739 0.23301801317245657 0.4530435800710339 0.22576641525215188 0.45549099436913676 0.21077977955018892 0.45549099436913676 0.1996606627390551 0.45549099436913676 0.18467402703709213 0.45549099436913676 0.1774224291167875 0.45549099436913676 0.16098547383076356 0.4519558403829883 0.15228355632639795 0.449236491162874 0.1450319584060933 0.44135037842454267 0.14213131923797145 0.43536781014029136 0.1406809996539105
1 0.49328994852872493 0.15228355632639798 0.49600929774883906 0.14744915771286152 0.49900058189096475 0.14744915771286152 0.5033515406431476 0.14889947729692246 0.5033515406431476 0.15421731577181255 0.5030796057211362 0.16146891369211722 0.5052550850972276 0.16581987244430002 0.5063428247852731 0.17113771091919014 0.5038954104871705 0.17693898925543383 0.5011760612670562 0.17017083119648282 0.4992725168129762 0.16630331230565365 0.4981847771249305 0.15856827452399536
1 0.5207553756518788 0.17548866967137294 0.5232027899499815 0.17597210953272654 0.5248343994820501 0.17210459064189737 0.5248343994820501 0.16581987244430002 0.5229308550279702 0.16340267313753182 0.5229308550279702 0.15615107521722713 0.5223869851839473 0.1503497968809834 0.5166763518217075 0.1503497968809834 0.5139570026015932 0.1503497968809834 0.5134131327575703 0.15421731577181255 0.5177640915097531 0.15905171438534899 0.5177640915097531 0.16533643258294636 0.5191237661198103 0.16920395147377554
1 0.5294572931562443 0.15905171438534899 0.5321766423763586 0.15470075563316618 0.5359837312845186 0.1537338759104589 0.5389750154266443 0.15760139480128807 0.5389750154266443 0.16340267313753182 0.5400627551146899 0.17258803050325103 0.5416943646467586 0.17790586897814115 0.5387030805046328 0.18467402703709215 0.5373434058945757 0.17548866967137294 0.5354398614404957 0.16727019202836094 0.5346240566744614 0.16340267313753182
5 0.5998884379572035 0.22044857677726182 0.599616503035192 0.21464729844101807 0.6031516570213405 0.21319697885695718 0.6069587459295004 0.21319697885695718 0.6102219649936377 0.21319697885695718 0.6134851840577746 0.21754793760913993 0.612397444369729 0.22431609566809102 0.6072306808515119 0.2214154564999691 0.6031516570213405 0.2214154564999691
5 0.6276258000023688 0.22818361455892017 0.6246345158602432 0.22383265580673736 0.619467752342026 0.22576641525215194 0.6164764681999003 0.22334921594538376 0.6175642078879461 0.21899825719320096 0.6202835571080603 0.21754793760913999 0.6230029063281745 0.21561417816372544 0.6270819301583459 0.21803137747049367 0.6303451492224831 0.21803137747049367 0.6303451492224831 0.2252829753907983
5 0.6425822207129971 0.23205113344974934 0.6450296350111 0.23205113344974934 0.6480209191532257 0.2344683327565175 0.6518280080613856 0.2344683327565175 0.6512841382173628 0.22721673483621285 0.6480209191532257 0.22286577608403005 0.6461173746991455 0.2189982571932009 0.6420383508689741 0.2189982571932009 0.6374154571947801 0.2189982571932009 0.6344241730526544 0.2223823362226764 0.6344241730526544 0.22818361455892014 0.6374154571947801 0.22866705442027382
2 0.420411389429663 0.3543614183722213 0.4182359100535716 0.3606461365698187 0.4144288211454116 0.3645136554606478 0.41198140684730883 0.3543614183722213 0.4130691465353545 0.34952701975868483 0.4136130163793773 0.3422754218383803 0.4136130163793773 0.3374410232248437 0.416604300521503 0.3340569441953683 0.42095525927368577 0.3369575833634901 0.42095525927368577 0.3446926211451483
2 0.38451597972415485 0.3326066246113073 0.38859500355432625 0.3306728651658927 0.39158628769645193 0.3345403840567219 0.39158628769645193 0.34517606100650206 0.39158628769645193 0.35049389948139215 0.3894108083203605 0.3572620575403432 0.3877791987882919 0.3630633358765869 0.3837001749581206 0.3645136554606478 0.3826124352700749 0.3582289372630505 0.3826124352700749 0.3582289372630505 0.3826124352700749 0.34904357989733126 0.38424404480214347 0.3422754218383803
2 0.3989285305907604 0.3408251022543192 0.3989285305907604 0.333090064472661 0.4043672290309889 0.33502382391807556 0.40627077348506885 0.3432423015610875 0.4065427084070803 0.34807670017462394 0.4079023830171373 0.3524276589268067 0.40463916395300037 0.36016269670846496 0.3981127258247261 0.3596792568471115 0.39702498613668047 0.3553282980949286 0.3972969210586919 0.3471098204519167
0 0.49247414376269055 0.30601743223685685 0.4949215580607934 0.2977989545938449 0.4981847771249305 0.29924927417790587 0.5011760612670562 0.29924927417790587 0.5011760612670562 0.30891807140497873 0.501719931111079 0.3142359098798688 0.5057989549412504 0.31761998890934434 0.5052550850972276 0.32728878613641726 0.5028076707991247 0.33985822253161196 0.49900058189096475 0.33550726377942924 0.49628123267085056 0.32293782738423443 0.4943776882167706 0.3147193497412225 0.48921092469855354 0.3166531091866371 0.4916583389966563 0.30601743223685685
0 0.4976409072809077 0.35677861767898955 0.4954654279048163 0.3645136554606478 0.49247414376269055 0.354844858233575 0.49247414376269055 0.33985822253161196 0.49029866438659914 0.33550726377942924 0.4848599659463707 0.33163974488860004 0.4854038357903935 0.32583846655235627 0.4870354453224621 0.31810342877069797 0.49029866438659914 0.31810342877069797 0.4941057532947591 0.3195537483547589 0.49573736282682773 0.3253550266910027 0.4976409072809077 0.33502382391807556 0.5006321914230334 0.3456595008678557 0.4995444517349876 0.3524276589268067
0 0.5096060438494104 0.3243881469682954 0.5109657184594675 0.31713654904799066 0.5109657184594675 0.3118187105731006 0.512597327991536 0.303116793068735 0.518307961353776 0.30456711265279596 0.5193957010418216 0.3132690301571615 0.519667635963833 0.32148750780017354 0.5226589201059587 0.3297059854431854 0.5242905296380274 0.3369575833634901 0.5234747248719931 0.3471098204519167 0.5212992454959017 0.35291109878816035 0.518307961353776 0.3422754218383803 0.5166763518217075 0.33357350433401467 0.5155886121336617 0.3287391057204781 0.5136850676795817 0.32680534627506364
4 0.5857478220126093 0.4022219646462321 0.5884671712327236 0.4022219646462321 0.5930900649069177 0.4041557240916467 0.5941778045949636 0.40899012270518315 0.5941778045949636 0.41672516048684144 0.5941778045949636 0.4259105178525607 0.5963532839710549 0.42639395771391425 0.5963532839710549 0.4133410814573659 0.5968971538150778 0.4056060436757075 0.5968971538150778 0.3993213254781102 0.5960813490490434 0.3930366072805128 0.5922742601408835 0.39013596811239104 0.5865636267786436 0.38771876880562284 0.5852039521685864 0.3906194079737446 0.5833004077145065 0.39642068630998833
4 0.5718791409900267 0.3954538065872811 0.5675281822378438 0.3954538065872811 0.5675281822378438 0.3906194079737446 0.5697036616139353 0.3857850093602082 0.572694945756061 0.3838512499147936 0.5765020346642209 0.3838512499147936 0.5808529934164037 0.3838512499147936 0.5819407331044494 0.39158628769645193 0.5819407331044494 0.3993213254781102 0.5778617092742779 0.4022219646462321 0.5751423600541637 0.39980476533946385
4 0.5694317266919239 0.40802324298247583 0.5653527028617524 0.40899012270518315 0.5637210933296839 0.4157582807641342 0.5637210933296839 0.41962579965496327 0.5658965727057753 0.42059267937767053 0.5707914013019809 0.42155955910037785 0.5762300997422094 0.4225264388230851 0.5762300997422094 0.41624172062548775 0.5748704251321523 0.40995700242789046
6 0.6295293444564487 0.41624172062548775 0.6259941904703001 0.41624172062548775 0.6251783857042659 0.40899012270518315 0.6208274269520832 0.40899012270518315 0.6162045332778889 0.41237420173465866 0.6118535745257061 0.40512260381435394 0.615660663433866 0.39738756603269565 0.6189238824980031 0.3930366072805128 0.6189238824980031 0.38675188908291547 0.619467752342026 0.3828843701920863 0.6221871015621403 0.3828843701920863 0.6259941904703001 0.3828843701920863 0.6292574095344373 0.3828843701920863 0.6289854746124259 0.38723532894426915 0.6289854746124259 0.3906194079737446 0.6289854746124259 0.3944869268645739 0.6289854746124259 0.396904126171342 0.6298012793784602 0.40077164506217117 0.6311609539885172 0.4046391639530003 0.6325206285985744 0.40802324298247583
6 0.6368715873507572 0.4031888443689395 0.6395909365708715 0.39980476533946385 0.6412225461029399 0.3954538065872811 0.6439418953230542 0.39497036672592745 0.6472051143871913 0.3978710058940493 0.6472051143871913 0.40705636325976857 0.6499244636073055 0.4094735625665368 0.6523718779054084 0.41624172062548775 0.6537315525154654 0.42059267937767053 0.6537315525154654 0.425427077991207 0.650196398529317 0.42639395771391425 0.6480209191532257 0.41720860034819507 0.6444857651670772 0.41720860034819507 0.6412225461029399 0.4191423597936097 0.6368715873507572 0.4249436381298534 0.6327925635205858 0.42059267937767053 0.6327925635205858 0.4133410814573659 0.6349680428966772 0.40705636325976857
6 0.6382312619608144 0.3896525282510373 0.6341522381306429 0.3848181296375009 0.6317048238325401 0.37901685130125723 0.6317048238325401 0.37418245268772066 0.6289854746124259 0.3732155729650134 0.6243625809382317 0.3732155729650134 0.623274841250186 0.37950029116261086 0.6200116221860489 0.3732155729650134 0.6219151666401289 0.3659639750447088 0.6262661253923117 0.36161301629252596 0.6295293444564487 0.3543614183722213 0.6330644984425973 0.3543614183722213 0.6365996524287458 0.35629517781763587 0.6374154571947801 0.3645136554606478 0.637959327038803 0.3722486932423061 0.6401348064148944 0.38143405060802543 0.6395909365708715 0.3853015694988546 0.6374154571947801 0.3891690883896837
