0 0.4707373025350986 0.5419816667999278 0.4595917118065517 0.5443127707431532 0.4582804658384873 0.559464946374119 0.4464792521259083 0.5909348496076632 0.4477904980939725 0.6177425449547563 0.4582804658384873 0.5851070897495995 0.46811481059896987 0.5652927062321828 0.4713929255191307 0.5769482259483103 0.4792604013275168 0.5851070897495995 0.47532666342332375 0.5606304983457318
0 0.5330214860181547 0.554802738487668 0.5461339456987983 0.5524716345444426 0.5461339456987983 0.568789362147021 0.5500676836029912 0.578113777919923 0.5441670767467016 0.5967626094657269 0.5343327319862191 0.6282325126992712 0.5271208791618652 0.6375569284721732 0.5258096331938009 0.5967626094657269 0.5317102400500905 0.578113777919923
0 0.5035184517367071 0.6002592653805652 0.4936841069762245 0.6363913765005603 0.48778350011993493 0.6189080969263692 0.49302848399219235 0.5874381936928249 0.49630659891235324 0.5711204660902465 0.5087634356089644 0.5676238101754083 0.5094190585929966 0.5862726417212123 0.5179421573854148 0.6119147850966927 0.5120415505291254 0.6130803370683054
4 0.6411992783834628 0.71681446254184 0.6405436553994306 0.8123897242140853 0.6307093106389482 0.8240452439302127 0.6182524739423371 0.8217141399869871 0.6116962441020153 0.8135552761856979 0.6116962441020153 0.7121522546553891 0.6195637199104013 0.698165630996036 0.6287424416868517 0.6946689750811978
4 0.6215305888624978 0.6457157922734623 0.6136631130541117 0.6328947205857222 0.6051400142616935 0.6363913765005603 0.5972725384533075 0.6410535843870113 0.5959612924852432 0.6876756632515213 0.6025175223255649 0.6585368639612025 0.6116962441020153 0.651543552131526
4 0.6543117380641064 0.6701923836773301 0.6497223771758811 0.6562057600179771 0.6405436553994306 0.6550402080463642 0.6326761795910447 0.6562057600179771 0.6280868187028195 0.665530175790879 0.6280868187028195 0.6806823514218447 0.6346430485431412 0.688841215223134 0.6411992783834628 0.6806823514218447 0.6464442622557204 0.6748545915637811
1 0.5559682904592808 0.2797324731870595 0.5658026352197633 0.29605020078963795 0.5658026352197633 0.33218231190963315 0.5658026352197633 0.36132111119995186 0.5651470122357312 0.40094987823478534 0.5677695041718598 0.4429097492128442 0.5599020283634738 0.4615585807586482 0.5369552239223478 0.45456526892897176 0.5336771090021869 0.4149365018941382 0.5303989940820261 0.34966559148382437 0.5323658630341226 0.3065401685341527 0.5330214860181547 0.2843946810735105 0.5369552239223478 0.2750702653006085 0.5389220928744443 0.25875253769803 0.5500676836029912 0.2564214337548046 0.5579351594113772 0.2575869857264173
1 0.48712787713590283 0.2529247778399663 0.47008167955106633 0.2529247778399663 0.47008167955106633 0.2692425054425448 0.46286982672671245 0.28556023304512324 0.4615585807586481 0.32169234416511844 0.4622142037426803 0.34733448754059887 0.46942605656703423 0.30537461656253995 0.47532666342332375 0.28556023304512324 0.4792604013275168 0.268076953470932 0.4864722541518707 0.268076953470932
1 0.5008959598005784 0.2436003620670643 0.5205646493215436 0.24476591403867703 0.5205646493215436 0.2599180896696428 0.5100746815770288 0.2575869857264173 0.5061409436728358 0.2715736093857703 0.5028628287526749 0.28789133698834873 0.49630659891235324 0.30304351261931445 0.4943397299602567 0.286725785016736 0.5002403368165462 0.2669114014993193
5 0.6818479033934576 0.32402344810834394 0.6739804275850715 0.30887127247737817 0.6621792138724925 0.30887127247737817 0.6569342300002351 0.31003682444899094 0.6536561150800744 0.32518900007995666 0.6510336231439456 0.4172676058373638 0.6549673610481385 0.425426469638653 0.6556229840321707 0.36481776711479014 0.660867967904428 0.32518900007995666 0.6700466896808784 0.32402344810834394
5 0.7133178066270017 0.3170301362786674 0.7198740364673235 0.30420906459092717 0.7316752501799025 0.30537461656253995 0.7401983489723207 0.31003682444899094 0.7369202340521599 0.31936124022189294 0.725774643323613 0.32169234416511844 0.7238077743715166 0.33917562373930965
5 0.7487214477647389 0.3275201040231821 0.7546220546210285 0.31586458430705466 0.7677345143016718 0.31819568825028016 0.7749463671260258 0.32169234416511844 0.7769132360781222 0.3403411757109224 0.77625761309409 0.420764261752202 0.7690457602697363 0.430088677525104 0.7559333005890927 0.4289231255534912 0.7474102017966746 0.42309536569542755 0.7454433328445781 0.3624866631715646
3 0.4097643650201067 0.24476591403867703 0.38485069162688423 0.2517592258683536 0.36518200210591906 0.2529247778399663 0.3553476573454365 0.24709701798190256 0.3402683287126965 0.2482625699535153 0.32453337709592456 0.2517592258683536 0.32846711500011755 0.2645802975560938 0.3376458367765679 0.272739161357383 0.34551331258495394 0.2622491936128683 0.36059264121769385 0.263414745584481 0.3822281996907555 0.2645802975560938 0.39206254445123806 0.2657458495277066 0.3999300202596242 0.28089802515867224
3 0.34551331258495394 0.29605020078963795 0.31076529443124884 0.29138799290318695 0.28322912910189774 0.282063577130285 0.2733947843414152 0.28322912910189774 0.2747060303094795 0.32052679219350566 0.28191788313383337 0.37297663091607935 0.28191788313383337 0.40677763809284895 0.2786397682136726 0.44990306104252076 0.2779841452296404 0.4778763083612267 0.2753616532935117 0.49769069187864334 0.2976528347506055 0.4953595879354179 0.3448576896009218 0.48137296427606485 0.3409239516967288 0.430088677525104 0.3409239516967288 0.39045991049027057 0.3442020666168897 0.33218231190963315
3 0.2891297359581873 0.25875253769803 0.2511036028843213 0.268076953470932 0.21766683069868065 0.282063577130285 0.20455437101803725 0.28789133698834873 0.21373309279448763 0.30304351261931445 0.2281567984431954 0.30071240867608895 0.26224919361286825 0.29255354487479973 0.26880542345319 0.29022244093157423 0.2753616532935117 0.277401369243834 0.2884741129741551 0.277401369243834
6 0.7047947078345835 0.5827759858063739 0.7021722158984548 0.5699549141186337 0.6897153792018436 0.5711204660902465 0.6890597562178116 0.5804448818631485 0.6779141654892645 0.5990937134089525 0.6752916735531358 0.6317291686141093 0.672013558632975 0.6643646238192663 0.6726691816170072 0.7063244947973252 0.6779141654892645 0.707490046768938 0.6831591493615218 0.6282325126992712 0.6923378711379723 0.6107492331250799 0.6956159860581331 0.5944315055225015 0.7047947078345835 0.5944315055225015 0.7074171997707122 0.6095836811534672 0.7120065606589374 0.6119147850966927 0.7120065606589374 0.5955970574941142
6 0.7487214477647389 0.6224047528412073 0.7434764638924816 0.6142458890399182 0.7434764638924816 0.5990937134089525 0.7310196271958703 0.6002592653805652 0.7303640042118381 0.6107492331250799 0.7192184134832913 0.6235703048128202 0.72184090541942 0.6375569284721732 0.7238077743715166 0.6492124481883007 0.7323308731639346 0.6562057600179771 0.741509594940385 0.6410535843870113
6 0.7382314800202242 0.56412715426057 0.7323308731639346 0.545478322714766 0.7224965284034522 0.545478322714766 0.7205296594513555 0.5617960503173445 0.7100396917068409 0.573451570033472 0.7146290525950661 0.5874381936928249 0.7244633973555488 0.5804448818631485 0.729708381227806 0.5699549141186337 0.7382314800202242 0.5851070897495995 0.7441320868765138 0.5827759858063739
2 0.276672899261576 0.6818479033934576 0.2733947843414152 0.660867967904428 0.26290481659690046 0.6643646238192663 0.2609379476448039 0.6841790073366831 0.26552730853302914 0.6935034231095851 0.27077229240528644 0.707490046768938 0.276672899261576 0.7214766704282911 0.28585162103802636 0.7028278388824871
2 0.32125526217576367 0.6678612797341046 0.3205996391917314 0.6492124481883007 0.3330564758883427 0.6503780001599133 0.33240085290431054 0.6666957277624919 0.3435464436328574 0.688841215223134 0.3409239516967288 0.7121522546553891 0.3350233448404392 0.7226422223999036 0.3291227379841497 0.698165630996036 0.3271558690320532 0.6783512474786193
2 0.30355344160689507 0.6527091041031388 0.2930634738623803 0.6550402080463642 0.29240785087834814 0.6760201435353939 0.3002753266867342 0.6841790073366831 0.3015865726547985 0.7028278388824871 0.30552031055899154 0.7226422223999036 0.3140434093514098 0.698165630996036 0.30945404846318453 0.6830134553650703 0.3061759335430237 0.6713579356489427
