0 0.4794827586206896 0.463448275862069 0.474051724137931 0.45517241379310347 0.474051724137931 0.42758620689655175 0.4732758620689655 0.40413793103448276 0.4732758620689655 0.37103448275862067 0.4732758620689655 0.3489655172413793 0.4794827586206896 0.33655172413793105 0.48491379310344823 0.32689655172413795 0.49112068965517236 0.3310344827586207 0.49577586206896546 0.34758620689655173 0.49577586206896546 0.35172413793103446 0.49577586206896546 0.3641379310344828 0.49577586206896546 0.3848275862068966 0.49577586206896546 0.41793103448275865 0.49577586206896546 0.45103448275862074 0.4903448275862069 0.46620689655172415
0 0.5175 0.36 0.5221551724137931 0.3558620689655172 0.5221551724137931 0.34206896551724136 0.5322413793103448 0.34758620689655173 0.5322413793103448 0.3641379310344828 0.538448275862069 0.37793103448275855 0.538448275862069 0.4 0.538448275862069 0.4317241379310344 0.538448275862069 0.45655172413793105 0.5244827586206896 0.463448275862069 0.5143965517241379 0.45517241379310347 0.5143965517241379 0.4124137931034483
0 0.4926724137931034 0.3062068965517241 0.5004310344827586 0.3062068965517241 0.5012068965517241 0.32275862068965516 0.5035344827586207 0.3351724137931035 0.4973275862068965 0.3558620689655172 0.49344827586206896 0.33655172413793105 0.4880172413793103 0.3337931034482759 0.48413793103448277 0.31862068965517243
4 0.5601724137931035 0.42344827586206896 0.5694827586206896 0.42344827586206896 0.5756896551724138 0.43586206896551727 0.5725862068965517 0.4593103448275862 0.5725862068965517 0.4786206896551724 0.5687068965517241 0.49379310344827587 0.5601724137931035 0.49379310344827587 0.5547413793103448 0.48275862068965514 0.5547413793103448 0.4593103448275862 0.5562931034482759 0.44275862068965516
4 0.5787931034482758 0.4289655172413794 0.586551724137931 0.4289655172413794 0.5904310344827586 0.45103448275862074 0.5904310344827586 0.48137931034482756 0.588103448275862 0.5048275862068966 0.5725862068965517 0.49793103448275855 0.5725862068965517 0.4689655172413793 0.5733620689655172 0.4482758620689655
4 0.5632758620689655 0.4096551724137931 0.5733620689655172 0.4096551724137931 0.5811206896551724 0.4110344827586207 0.5772413793103448 0.4289655172413794 0.5656034482758621 0.42482758620689653
1 0.4903448275862069 0.16551724137931034 0.4903448275862069 0.15586206896551724 0.5019827586206896 0.15724137931034482 0.5050862068965517 0.17379310344827587 0.5050862068965517 0.2 0.5050862068965517 0.22482758620689655 0.5050862068965517 0.25655172413793104 0.4942241379310344 0.263448275862069 0.4810344827586207 0.2593103448275862 0.4810344827586207 0.23448275862068965 0.48413793103448277 0.20413793103448277 0.48413793103448277 0.18758620689655175
1 0.5438793103448276 0.1724137931034483 0.5469827586206897 0.16413793103448276 0.5547413793103448 0.16413793103448276 0.5586206896551724 0.1724137931034483 0.5586206896551724 0.19310344827586207 0.5586206896551724 0.22206896551724134 0.5586206896551724 0.24137931034482757 0.5586206896551724 0.25655172413793104 0.5539655172413793 0.2717241379310345 0.5353448275862069 0.2717241379310345 0.5376724137931035 0.24137931034482757 0.5376724137931035 0.21655172413793103 0.5376724137931035 0.2 0.5407758620689656 0.17103448275862068
1 0.5244827586206896 0.16413793103448276 0.5314655172413792 0.16137931034482758 0.5376724137931035 0.17517241379310344 0.5376724137931035 0.18758620689655175 0.5337931034482758 0.21793103448275863 0.5337931034482758 0.25103448275862067 0.5306896551724137 0.2675862068965517 0.5182758620689655 0.2675862068965517 0.5182758620689655 0.24551724137931036 0.5182758620689655 0.21655172413793103 0.5182758620689655 0.19034482758620686
5 0.5958620689655172 0.22758620689655173 0.5981896551724137 0.21931034482758624 0.6051724137931035 0.22344827586206897 0.6121551724137931 0.2303448275862069 0.6121551724137931 0.2496551724137931 0.6090517241379311 0.2772413793103448 0.5950862068965517 0.28 0.5919827586206896 0.263448275862069 0.5919827586206896 0.2496551724137931
5 0.6478448275862069 0.2537931034482759 0.6493965517241379 0.23448275862068965 0.6618103448275862 0.23724137931034484 0.6672413793103448 0.24551724137931036 0.6633620689655172 0.27034482758620687 0.6633620689655172 0.2910344827586207 0.6602586206896551 0.30344827586206896 0.6478448275862069 0.3020689655172414 0.6439655172413794 0.2910344827586207 0.6439655172413794 0.2675862068965517
5 0.6137068965517242 0.22758620689655173 0.6199137931034483 0.21655172413793103 0.628448275862069 0.22620689655172413 0.6292241379310345 0.24275862068965515 0.6292241379310345 0.263448275862069 0.6253448275862069 0.2896551724137931 0.6168103448275862 0.2896551724137931 0.6106034482758621 0.2827586206896552 0.6106034482758621 0.2593103448275862
3 0.4220689655172414 0.14482758620689656 0.4220689655172414 0.1724137931034483 0.42051724137931035 0.19310344827586207 0.42051724137931035 0.21655172413793103 0.42051724137931035 0.2303448275862069 0.42051724137931035 0.24413793103448275 0.43137931034482757 0.24413793103448275 0.44612068965517243 0.2524137931034483 0.4554310344827586 0.2524137931034483 0.4554310344827586 0.23310344827586207 0.45775862068965517 0.2110344827586207 0.45775862068965517 0.1793103448275862 0.45775862068965517 0.15448275862068966 0.4430172413793103 0.14206896551724138 0.4282758620689655 0.14206896551724138
3 0.39103448275862074 0.14620689655172414 0.4081034482758621 0.1489655172413793 0.4181896551724138 0.15172413793103448 0.4181896551724138 0.1779310344827586 0.4181896551724138 0.19862068965517243 0.4181896551724138 0.22482758620689655 0.4181896551724138 0.25103448275862067 0.40034482758620693 0.24689655172413794 0.38870689655172413 0.24689655172413794 0.38870689655172413 0.2303448275862069 0.38870689655172413 0.20689655172413793 0.38870689655172413 0.18758620689655175 0.38870689655172413 0.17379310344827587 0.38870689655172413 0.1489655172413793
3 0.36310344827586205 0.1406896551724138 0.37706896551724145 0.1406896551724138 0.3848275862068966 0.1503448275862069 0.38637931034482764 0.17103448275862068 0.38637931034482764 0.2013793103448276 0.38637931034482764 0.22758620689655173 0.38637931034482764 0.24551724137931036 0.3716379310344827 0.24689655172413794 0.36310344827586205 0.24689655172413794 0.3522413793103448 0.24275862068965515 0.3568965517241379 0.23448275862068965 0.36 0.2082758620689655 0.36 0.1820689655172414
2 0.37474137931034485 0.35172413793103446 0.37474137931034485 0.34206896551724136 0.380948275862069 0.34344827586206894 0.380948275862069 0.3586206896551724 0.3879310344827587 0.37241379310344835 0.3879310344827587 0.39448275862068966 0.3879310344827587 0.416551724137931 0.3879310344827587 0.44 0.3755172413793104 0.44 0.37241379310344824 0.4206896551724138 0.37241379310344824 0.4013793103448276 0.3708620689655172 0.3793103448275862 0.37318965517241376 0.3641379310344828
2 0.42594827586206896 0.3503448275862069 0.42594827586206896 0.34206896551724136 0.43448275862068964 0.34344827586206894 0.43448275862068964 0.3544827586206897 0.4383620689655172 0.3793103448275862 0.4383620689655172 0.4 0.4383620689655172 0.4262068965517241 0.43448275862068964 0.43586206896551727 0.43060344827586206 0.4096551724137931 0.43060344827586206 0.3889655172413793 0.43060344827586206 0.3696551724137931 0.429051724137931 0.36
2 0.4127586206896552 0.34206896551724136 0.4127586206896552 0.3310344827586207 0.4181896551724138 0.3310344827586207 0.42129310344827586 0.3337931034482759 0.42129310344827586 0.34758620689655173 0.4236206896551724 0.3586206896551724 0.41586206896551725 0.36827586206896545
6 0.6113793103448276 0.40413793103448276 0.6175862068965517 0.3903448275862069 0.6230172413793104 0.37793103448275855 0.6292241379310345 0.38758620689655177 0.6338793103448276 0.3986206896551724 0.6338793103448276 0.41793103448275865 0.6245689655172414 0.416551724137931 0.6214655172413793 0.4096551724137931 0.6160344827586207 0.4096551724137931
6 0.6501724137931035 0.42344827586206896 0.6579310344827586 0.42344827586206896 0.6517241379310345 0.40827586206896554 0.6486206896551724 0.39724137931034487 0.6424137931034483 0.3917241379310345 0.6377586206896552 0.4027586206896552 0.6377586206896552 0.416551724137931 0.6501724137931035 0.42758620689655175 0.6470689655172415 0.42482758620689653
6 0.6408620689655173 0.3820689655172414 0.6478448275862069 0.3751724137931035 0.6478448275862069 0.3641379310344828 0.6579310344827586 0.3655172413793103 0.6579310344827586 0.3820689655172414 0.6571551724137931 0.3986206896551724 0.6493965517241379 0.3903448275862069
