0 0.5255446934983441 0.47847570748132073 0.5335074918846827 0.4749366859762813 0.5374888910778519 0.45228694834402944 0.5374888910778519 0.4289294064107697 0.537090751158535 0.4020328429724706 0.537090751158535 0.38787675695231316 0.537090751158535 0.36593482362106916 0.5343037717233164 0.3496553246978882 0.5327112120460488 0.3390382601827701 0.525942833417661 0.3390382601827701 0.525942833417661 0.350363128998896 0.5207670144665411 0.35814897630998266 0.5163874753540548 0.37301286663114797 0.5163874753540548 0.3900001698553368 0.5163874753540548 0.4055718644775099 0.5163874753540548 0.42114355909968315 0.5163874753540548 0.4374230580228642 0.5163874753540548 0.45511816554806095 0.5163874753540548 0.4671508386651947
0 0.4777679031803128 0.4664430343641869 0.4857307015666514 0.46927425156821834 0.49409163987230686 0.4650274257621711 0.49409163987230686 0.4367152537218563 0.49409163987230686 0.4105264945845651 0.4952860596302577 0.37867530103921093 0.4952860596302577 0.3574411720089748 0.493295360033673 0.34328508598881735 0.48971210075982063 0.3305446085706757 0.4829437221314329 0.32912899996865996 0.47975860277689747 0.3439928902898252 0.4745827838257774 0.3574411720089748 0.4741846439064604 0.3744284752331637 0.4741846439064604 0.4020328429724706 0.47338836406782664 0.4246825806047225 0.47338836406782664 0.44804012253798225
0 0.5064339773711316 0.33479143437672293 0.5084246769677162 0.32205095695858127 0.5104153765643008 0.30860267523943163 0.5179800350313225 0.30860267523943163 0.520368874547224 0.3248821741626127 0.5251465535790272 0.3376226515807544 0.5227577140631257 0.34823971609587245 0.5183781749506393 0.345408498891841 0.515193055596104 0.3319602171726914
4 0.5705345043811568 0.3949547999623919 0.5777010229288616 0.3970782128654155 0.5816824221220308 0.4006172343704548 0.5816824221220308 0.3900001698553368 0.5784973027674953 0.383629931146266 0.5721270640584245 0.3822143225442502 0.5697382245425231 0.383629931146266
4 0.5637661257527692 0.41194210318658087 0.5685438047845722 0.4098186902835572 0.5749140434936431 0.4098186902835572 0.5784973027674953 0.41760453759464383 0.5765066031709108 0.4268059935077461 0.5689419447038891 0.4232669720027068 0.5633679858334523 0.4225591677016989
4 0.5812842822027139 0.4154811246916202 0.5876545209117847 0.4133577117885966 0.5932284797822218 0.4168967332936359 0.5936266197015387 0.427513797808754 0.591635920104954 0.44025427522689564 0.5888489406697356 0.4324684279158091 0.58048800236408 0.4289294064107697
1 0.5386833108358027 0.26542661287795155 0.5386833108358027 0.24065346234267607 0.5386833108358027 0.22012713761344782 0.5386833108358027 0.20243203008825103 0.5430628499482889 0.17836668385398344 0.5446554096255566 0.16845742363987323 0.5450535495448735 0.16067157632878667 0.5526182080118952 0.16067157632878667 0.5569977471243814 0.16562620643584178 0.5573958870436982 0.18049009675700706 0.5597847265595999 0.20172422578724317 0.5597847265595999 0.22295835481747928 0.5597847265595999 0.24277687524569969 0.558988446720966 0.26047198277089645 0.5546089076084798 0.2696734386839988 0.5462479693028244 0.2696734386839988
1 0.4905083805984546 0.16491840213483389 0.4905083805984546 0.1550091419207237 0.4992674588234269 0.15713255482374733 0.5008600185006946 0.16491840213483389 0.50404513785523 0.17907448815499133 0.5036469979359132 0.20384763869026679 0.5036469979359132 0.22508176772050292 0.5036469979359132 0.24419248384771547 0.5028507180972792 0.2590563741688807 0.49289722011435605 0.2661344171789594 0.48254558221211596 0.2590563741688807 0.48254558221211596 0.23923785374066037 0.4845362818087006 0.21446470320538485 0.4845362818087006 0.18615253116507002 0.4865269814052852 0.17553546664995195
1 0.5128042160802024 0.1550091419207237 0.5128042160802024 0.14580768600762137 0.5211651543858579 0.14722329460963712 0.5235539939017595 0.15147012041568433 0.5235539939017595 0.15925596772677092 0.5271372531756119 0.16633401073684964 0.5243502737403933 0.17624327095095985 0.520368874547224 0.1670418150378575 0.5187763148699563 0.15854816342576306
5 0.5924321999435879 0.2788748945971011 0.5999968584106096 0.28595293760717977 0.6079596567969481 0.28736854620919555 0.6091540765548988 0.2675500257809752 0.6091540765548988 0.24843930965376265 0.6099503563935327 0.23145200642957378 0.6095522164742158 0.22154274621546358 0.6007931382492434 0.22154274621546358 0.5944228995401726 0.22508176772050292 0.5944228995401726 0.24136126664368399 0.5936266197015387 0.25693296126585713
5 0.6485699285672746 0.251978331158802 0.6497643483252254 0.23782224513864458 0.6581252866308809 0.23499102793461313 0.6640973854206348 0.23782224513864458 0.6668843648558532 0.24631589675073903 0.6660880850172194 0.26825783008198306 0.6644955253399517 0.28453732900516404 0.6644955253399517 0.3008168279283451 0.6553383071956624 0.30294024083136867 0.6473755088093239 0.29657000212229784 0.6473755088093239 0.2809983075001247 0.6473755088093239 0.26825783008198306 0.6485699285672746 0.24985491825577844
5 0.6199038543764559 0.22366615911848714 0.6163205951026035 0.2187115290114321 0.6191075745378221 0.21446470320538485 0.6258759531662098 0.21446470320538485 0.6318480519559637 0.21941933331243996 0.6318480519559637 0.22437396341949506 0.6298573523593791 0.23215981073058164 0.6262740930855267 0.22720518062352654
3 0.39893619915556117 0.14580768600762137 0.40769527738053357 0.14722329460963712 0.40769527738053357 0.14722329460963712 0.41565807576687214 0.14722329460963712 0.42163017455662605 0.14863890321165285 0.4240190140725277 0.14863890321165285 0.42919483302364775 0.13660623009451905 0.41366737617028754 0.13165159998746398 0.4037138781873644 0.13165159998746398 0.3965473596396596 0.13165159998746398 0.39415852012375807 0.14368427310459778
3 0.3650943060136224 0.13660623009451905 0.3746496640772287 0.13660623009451905 0.3842050221408349 0.13660623009451905 0.3893808410919549 0.13165159998746398 0.3949547999623919 0.13165159998746398 0.3929641003658073 0.14368427310459778 0.3881864213340042 0.14368427310459778 0.3814180427056164 0.14722329460963712 0.372658964480644 0.14722329460963712 0.367085005610207 0.14722329460963712 0.36549244593293934 0.14014525159955843
3 0.42561157374979536 0.15147012041568433 0.4295929729429646 0.13943744729855054 0.44153717052247254 0.13943744729855054 0.45547206769856496 0.13731403439552695 0.46542556568148813 0.13731403439552695 0.46542556568148813 0.15642475052273946 0.46224044632695266 0.18473692256305427 0.4626385862462696 0.2052632472922825 0.4674162652780727 0.21375689890437694 0.4670181253587558 0.22437396341949506 0.47179580439055896 0.23428322363360526 0.45467578785993107 0.23286761503158948 0.4538795080212972 0.21092568170034545 0.4570646273758326 0.17836668385398344 0.45626834753719875 0.1599637720277788 0.45029624874744484 0.15571694622173157 0.43954647092588783 0.15571694622173157 0.4327780922975 0.15571694622173157
6 0.6127373358287512 0.3992016257684391 0.6183112946991882 0.38858456125332114 0.6230889737309913 0.37938310534021874 0.6298573523593791 0.38646114835029743 0.6298573523593791 0.3949547999623919 0.6338387515525483 0.4020328429724706 0.6310517721173299 0.41618892899262805 0.6238852535696251 0.4133577117885966 0.6159224551832866 0.4133577117885966
6 0.641005270100253 0.38575334404928957 0.6469773688900069 0.37584408383517937 0.6481717886479578 0.3666426279220771 0.6557364471149794 0.3680582365240928 0.6589215664695147 0.38079871394223447 0.6629029656626841 0.39283138705936826 0.6605141261467824 0.4020328429724706 0.6585234265501978 0.4168967332936359 0.6553383071956624 0.4069874730795257 0.6529494676797608 0.3907079741563447 0.6509587680831763 0.38079871394223447
6 0.6254778132468929 0.36239580211602984 0.6290610725207453 0.35319434620292756 0.6350331713104991 0.35319434620292756 0.6390145705036684 0.3609801935140141 0.6390145705036684 0.37301286663114797 0.6398108503423022 0.38292212684525817 0.6358294511491329 0.38646114835029743 0.6302554922786959 0.38150651824324233 0.6302554922786959 0.3708894537281243 0.625079673327576 0.3645192150190535
2 0.4164543556055061 0.3673504322230849 0.4132692362509707 0.35531775910595115 0.4132692362509707 0.345408498891841 0.4144636560089214 0.33620704297873866 0.4212320346373092 0.33620704297873866 0.4212320346373092 0.3468241074938567 0.4240190140725277 0.35531775910595115 0.4192413350407245 0.3609801935140141
2 0.383806882221518 0.3418694773868016 0.383806882221518 0.3333758257747072 0.3917696806078565 0.3333758257747072 0.3917696806078565 0.33833045588176225 0.3917696806078565 0.3489475203968803 0.38539944189878567 0.3524865419019197
2 0.3981399193169273 0.3439928902898252 0.3993343390748782 0.33125241287168355 0.4045101580259981 0.33408363007571507 0.40809341729985055 0.33833045588176225 0.40809341729985055 0.3475319117948646 0.40331573826804745 0.3546099548049433 0.3973436394782935 0.3539021505039354
