0 0.5143967757574702 0.45936499135410813 0.514794915676787 0.4303450150127855 0.5175818951120056 0.3900001698553368 0.5171837551926887 0.3588567806109905 0.5227577140631257 0.3489475203968803 0.5267391132562949 0.34116167308579376 0.5351000515619504 0.34116167308579376 0.5351000515619504 0.3588567806109905 0.5378870309971688 0.3666426279220771 0.5378870309971688 0.38150651824324233 0.5390814507551196 0.39637040856440764 0.5390814507551196 0.410526494584565 0.537090751158535 0.4324684279158091 0.5354981914812673 0.45511816554806095 0.5267391132562949 0.4650274257621711
0 0.4777679031803128 0.46219620855813964 0.4721939443098758 0.4445011010329429 0.4721939443098758 0.4253903849057304 0.4729902241485097 0.40344845157448633 0.4729902241485097 0.3843377354472739 0.4745827838257774 0.3574411720089748 0.47975860277689747 0.3390382601827701 0.4829437221314329 0.3270055870656363 0.4889158209211868 0.3270055870656363 0.4924990801950392 0.3270055870656363 0.49409163987230686 0.34116167308579376 0.49409163987230686 0.35531775910595115 0.49409163987230686 0.3772596924371952 0.49409163987230686 0.3956626042633998 0.49409163987230686 0.4140655160896044 0.49409163987230686 0.4140655160896044 0.493295360033673 0.43529964511984054 0.49289722011435605 0.4515791440430215 0.48811954108255295 0.46290401285914756
0 0.5028507180972792 0.34823971609587245 0.5056376975324977 0.33125241287168355 0.5048414176938639 0.317804131152534 0.5004618785813777 0.3086026752394317 0.49767489914615914 0.29940121932632935 0.4924990801950392 0.3029402408313687 0.48931396084050377 0.312141696744471 0.48931396084050377 0.3220509569585812 0.4984711789847931 0.33479143437672293
4 0.5765066031709108 0.4324684279158091 0.5832749817992985 0.4268059935077461 0.592034060024271 0.43600744942084846 0.592034060024271 0.4544103612470531 0.592034060024271 0.47564449027728917 0.591635920104954 0.49263179350147807 0.586460101153834 0.503956662317604 0.5729233438970585 0.49970983651155687 0.5705345043811568 0.4841381418893836 0.5729233438970585 0.46361181716015537 0.5733214838163754 0.44520890533395074 0.5749140434936431 0.4324684279158091
4 0.5856638213152001 0.3921235827583604 0.592034060024271 0.3900001698553368 0.5960154592174403 0.39283138705936826 0.5960154592174403 0.40132503867146274 0.591635920104954 0.4020328429724706 0.5856638213152001 0.4020328429724706 0.5852656813958832 0.3949547999623919
4 0.5653586854300369 0.410526494584565 0.5713307842197908 0.40840308168154144 0.5777010229288616 0.40840308168154144 0.5777010229288616 0.41902014619665956 0.5729233438970585 0.4225591677016989 0.5633679858334523 0.421851363400691
1 0.5072302572097654 0.1677496193388654 0.5032488580165962 0.1620871849308024 0.5032488580165962 0.15076231611467647 0.4972767592268423 0.14934670751266074 0.49488791971094076 0.1578403591247552 0.4984711789847931 0.1649184021348339 0.5028507180972792 0.17058083654289688
1 0.5299242326108303 0.16067157632878667 0.5299242326108303 0.15430133761971584 0.5354981914812673 0.15430133761971584 0.5402758705130704 0.15430133761971584 0.5394795906744365 0.16845742363987326 0.5394795906744365 0.16845742363987326 0.5414702902710212 0.17907448815499133 0.5327112120460488 0.16987303224188902
1 0.5581921668823322 0.2625953956739201 0.5609791463175506 0.24348467954670755 0.5609791463175506 0.21446470320538485 0.5609791463175506 0.19323057417514872 0.5593865866402828 0.1719964451449126 0.5585903068016491 0.16067157632878667 0.5522200680925783 0.15430133761971584 0.5494330886573597 0.16137938062979454 0.5526182080118952 0.1719964451449126 0.5554051874471138 0.18119790105801492 0.5569977471243814 0.19535398707817234 0.5569977471243814 0.2158803118074006 0.5569977471243814 0.23782224513864458
5 0.597209878975391 0.22083494191445566 0.6051726773617295 0.21800372471042423 0.6103484963128496 0.21941933331243996 0.6127373358287512 0.22437396341949506 0.6127373358287512 0.24490028814872328 0.6115429160708004 0.26825783008198306 0.6103484963128496 0.27958269889810894 0.6043763975230958 0.28524513330617196 0.5948210394594895 0.2831217204031483 0.5932284797822218 0.2647188085769437
5 0.6334406116332314 0.23003639782755803 0.641005270100253 0.23145200642957378 0.6473755088093239 0.23357541933259734 0.6509587680831763 0.22578957202151076 0.6469773688900069 0.21800372471042423 0.64140341001957 0.21658811610840847 0.6358294511491329 0.21800372471042423
5 0.6509587680831763 0.2420690709446918 0.6581252866308809 0.23569883223562096 0.6636992455013179 0.23640663653662883 0.6660880850172194 0.24843930965376262 0.6660880850172194 0.2611797870719043 0.663301105582001 0.2760436773930696 0.663301105582001 0.2894919591122192 0.663301105582001 0.2986934150253215 0.6537457475183948 0.2986934150253215 0.6453848092127391 0.2944465892192743 0.6453848092127391 0.27958269889810894 0.6461810890513731 0.2689656343829909 0.6489680684865917 0.25622515696484927
6 0.6254778132468929 0.3765518881361873 0.6210982741344067 0.37301286663114797 0.6226908338116744 0.3666426279220771 0.6254778132468929 0.36310360641703776 0.6266722330048436 0.3539021505039354 0.6266722330048436 0.3489475203968803 0.6314499120366468 0.3489475203968803 0.6346350313911823 0.3489475203968803 0.63622759106845 0.3524865419019197 0.6390145705036684 0.35814897630998266 0.6425978297775208 0.3673504322230849 0.6425978297775208 0.3772596924371952 0.6386164305843515 0.38150651824324233 0.63622759106845 0.38929236555432895 0.6342368914718652 0.37584408383517937 0.6298573523593791 0.37230506233014005
6 0.6421996898582037 0.4225591677016989 0.6354313112298161 0.4225591677016989 0.6314499120366468 0.41477332039061227 0.6326443317945976 0.40698747307952565 0.6382182906650345 0.40274064727347847 0.6390145705036684 0.3949547999623919 0.6390145705036684 0.38858456125332114 0.6453848092127391 0.38858456125332114 0.6493662084059085 0.38929236555432895 0.6505606281638593 0.4055718644775099 0.6529494676797608 0.4119421031865807 0.6549401672763454 0.4204357547986753 0.6549401672763454 0.4303450150127855 0.6493662084059085 0.4232669720027068
6 0.6278666527627944 0.41689673329363586 0.6234871136503083 0.410526494584565 0.6183112946991882 0.410526494584565 0.6123391959094342 0.41335771178859654 0.6123391959094342 0.40486406017650206 0.6147280354253358 0.39849382146743123 0.6175150148605543 0.39141577845735254 0.619505714457139 0.383629931146266 0.624681533408259 0.383629931146266 0.6278666527627944 0.383629931146266 0.6298573523593791 0.38929236555432895 0.630653632198013 0.39778601716642337 0.630653632198013 0.40698747307952565
2 0.41605621568618917 0.3595645849119984 0.41605621568618917 0.3751362795341715 0.41605621568618917 0.38646114835029743 0.41605621568618917 0.4006172343704548 0.41605621568618917 0.4126499074875886 0.41605621568618917 0.4246825806047225 0.41605621568618917 0.4367152537218563 0.4200376148793584 0.4473323182369743 0.42760227334638 0.4473323182369743 0.4343706519747677 0.4345918408188327 0.43198181245886613 0.4112342988855729 0.43198181245886613 0.3907079741563447 0.43198181245886613 0.3701816494271164 0.4287966931043308 0.3602723892130062 0.4244171539918446 0.3546099548049433
2 0.41366737617028754 0.3447006945908331 0.4132692362509707 0.33479143437672293 0.4176487753634568 0.33479143437672293 0.4200376148793584 0.3354992386777308 0.4200376148793584 0.3447006945908331 0.42362087415321065 0.3489475203968803 0.42242645439525994 0.35319434620292756 0.4176487753634568 0.35319434620292756 0.4132692362509707 0.3546099548049433 0.41167667657370294 0.3447006945908331
2 0.42600971366911233 0.3496553246978882 0.42760227334638 0.34116167308579376 0.4327780922975 0.34116167308579376 0.4343706519747677 0.35177873760091183 0.4375557713293031 0.3645192150190535 0.4375557713293031 0.383629931146266 0.4375557713293031 0.4126499074875886 0.4375557713293031 0.4232669720027068 0.4375557713293031 0.4338840365178248 0.4343706519747677 0.4338840365178248 0.4327780922975 0.4126499074875886 0.43198181245886613 0.38929236555432895 0.4327780922975 0.3744284752331637 0.4315836725395492 0.36593482362106916 0.4287966931043308 0.3588567806109905
3 0.45268508826334647 0.23357541933259734 0.4594534668917342 0.23357541933259734 0.4662218455201219 0.23499102793461313 0.47259208422919274 0.23499102793461313 0.4662218455201219 0.21517250750639275 0.4630367261655865 0.19747739998119596 0.4630367261655865 0.18049009675700706 0.4662218455201219 0.15925596772677092 0.4662218455201219 0.1408530559005663 0.46224044632695266 0.13448281719149546 0.45268508826334647 0.13448281719149546 0.4451204297963248 0.13448281719149546 0.4287966931043308 0.13448281719149546 0.43357437213613387 0.14014525159955843 0.4435278701190571 0.14156086020157416 0.4518888084247125 0.15076231611467647 0.45626834753719875 0.16562620643584178 0.45626834753719875 0.18544472686406216 0.45626834753719875 0.20597105159329043 0.4538795080212972 0.22295835481747928
3 0.39893619915556117 0.14580768600762137 0.40809341729985055 0.14580768600762137 0.4172506354441399 0.14934670751266074 0.42600971366911233 0.14934670751266074 0.42600971366911233 0.14014525159955843 0.42600971366911233 0.1330672085894797 0.4164543556055061 0.1330672085894797 0.40650085762258287 0.1330672085894797 0.4009268987521459 0.1330672085894797 0.3965473596396596 0.13448281719149546
3 0.3893808410919549 0.1500545118136686 0.3893808410919549 0.17553546664995195 0.3893808410919549 0.1960617913791802 0.3893808410919549 0.22012713761344782 0.3893808410919549 0.23640663653662883 0.3893808410919549 0.2441924838477154 0.37902920318971484 0.2470237010517469 0.3658905858522562 0.24348467954670755 0.35514080803069914 0.2420690709446918 0.36031662698181927 0.22154274621546358 0.36031662698181927 0.1960617913791802 0.36270546649772084 0.17836668385398344 0.36310360641703776 0.15854816342576306 0.36469616609430544 0.1450998817066135 0.3746496640772287 0.1380218386965348 0.38778828141468724 0.14014525159955843
