0 0.5243502737403933 0.34823971609587245 0.5243502737403933 0.33833045588176225 0.525942833417661 0.33125241287168355 0.5279335330142456 0.3206353483565655 0.5335074918846827 0.3206353483565655 0.5390814507551196 0.3206353483565655 0.5390814507551196 0.33479143437672293 0.5402758705130704 0.34328508598881735 0.5410721503517043 0.3546099548049433 0.5410721503517043 0.3680582365240928 0.5410721503517043 0.3772596924371952 0.5339056318039995 0.35814897630998266 0.5307205124494642 0.34116167308579376 0.5267391132562949 0.34116167308579376
0 0.49966559874274385 0.3468241074938567 0.5032488580165962 0.3439928902898252 0.5032488580165962 0.3390382601827701 0.50404513785523 0.33125241287168355 0.5036469979359132 0.3206353483565655 0.5016562983393286 0.3135573053464868 0.49966559874274385 0.30081682792834513 0.493295360033673 0.30081682792834513 0.4917028003564053 0.3107260881424553 0.48931396084050377 0.31921973975454976 0.49488791971094076 0.3220509569585812 0.4968786193075254 0.3326680214736993
0 0.5028507180972792 0.3390382601827701 0.5060358374518147 0.3326680214736993 0.5080265370483994 0.3270055870656364 0.5080265370483994 0.3199275440555576 0.5155911955154209 0.3220509569585812 0.5155911955154209 0.33479143437672293 0.520368874547224 0.3447006945908331 0.520368874547224 0.35531775910595115 0.5167856152733716 0.3673504322230849 0.514794915676787 0.3574411720089748 0.5096190967256671 0.3489475203968803 0.5056376975324977 0.3489475203968803 0.5012581584200115 0.3489475203968803 0.5012581584200115 0.34116167308579376
4 0.58048800236408 0.4253903849057304 0.5852656813958832 0.4253903849057304 0.5884508007504186 0.4303450150127855 0.5924321999435879 0.43317623221681695 0.5936266197015387 0.427513797808754 0.5936266197015387 0.4197279504976674 0.5896452205083693 0.4168967332936359 0.5824787019606648 0.41618892899262805 0.5784973027674953 0.4197279504976674
4 0.5832749817992985 0.4006172343704548 0.5896452205083693 0.3992016257684391 0.5932284797822218 0.40486406017650206 0.5932284797822218 0.4119421031865807 0.5892470805890525 0.4119421031865807 0.5832749817992985 0.4119421031865807 0.58048800236408 0.4069874730795257
4 0.5681456648652554 0.4091108859825493 0.5653586854300369 0.40627966877851773 0.56496054551072 0.4006172343704548 0.5665531051879876 0.39778601716642337 0.5705345043811568 0.39778601716642337 0.57531218341296 0.39778601716642337 0.5780991628481785 0.4020328429724706 0.5780991628481785 0.40840308168154155 0.5737196237356923 0.40840308168154155
1 0.49289722011435605 0.15288572901770012 0.49448977979162373 0.14722329460963715 0.5012581584200115 0.14793109891064501 0.5036469979359132 0.15359353331870798 0.5036469979359132 0.15925596772677095 0.5056376975324977 0.1649184021348339 0.5056376975324977 0.17128864084390474 0.5052395576131808 0.17836668385398344 0.5004618785813777 0.1677496193388654 0.4984711789847931 0.15784035912475522 0.49289722011435605 0.1557169462217316
1 0.5231558539824425 0.17836668385398344 0.520368874547224 0.1719964451449126 0.5187763148699563 0.16704181503785753 0.5179800350313225 0.15854816342576308 0.5136004959188363 0.15713255482374733 0.5128042160802024 0.14934670751266074 0.5215632943051748 0.14934670751266074 0.5231558539824425 0.15500914192072374 0.5243502737403933 0.1599637720277788 0.5255446934983441 0.16845742363987326
1 0.5498312285766768 0.16279498923181035 0.5490349487380428 0.15571694622173163 0.5554051874471138 0.15571694622173163 0.5585903068016491 0.1599637720277788 0.5585903068016491 0.16916522794088118 0.5629698459141355 0.17695107525196774 0.5621735660755014 0.21021787739933767 0.5617754261561845 0.21941933331243998 0.5617754261561845 0.2392378537406604 0.5597847265595999 0.25268613545980995 0.5554051874471138 0.2604719827708965 0.5554051874471138 0.23994565804166826 0.555007047527797 0.21941933331243998 0.555007047527797 0.2045554429912747 0.5546089076084799 0.19181496557313302 0.5546089076084799 0.18615253116507005 0.5546089076084799 0.17907448815499138
5 0.6003949983299264 0.22012713761344782 0.6067652370389972 0.22012713761344782 0.6103484963128496 0.2264973763225187 0.6119410559901174 0.23782224513864458 0.6159224551832866 0.2335754193325974 0.6151261753446527 0.22295835481747928 0.6135336156673851 0.21304909460336913 0.6063670971196804 0.21021787739933764 0.5984042987333418 0.21021787739933764
5 0.6334406116332314 0.23003639782755805 0.6350331713104991 0.22154274621546358 0.6394127104229853 0.22154274621546358 0.6433941096161546 0.22154274621546358 0.64657922897069 0.22295835481747928 0.6485699285672746 0.23074420212856592 0.6457829491320561 0.23145200642957378 0.6402089902616191 0.23145200642957378 0.6366257309877669 0.23145200642957378
5 0.6565327269536132 0.22295835481747928 0.6644955253399517 0.22295835481747928 0.6664862249365364 0.23145200642957378 0.6664862249365364 0.23145200642957378 0.6652918051785854 0.24065346234267607 0.6597178463081486 0.23923785374066037 0.65175504792181 0.23569883223562102 0.6525513277604439 0.23003639782755805
3 0.45427764794061415 0.23215981073058167 0.4586571870531003 0.23215981073058167 0.4670181253587558 0.23215981073058167 0.47338836406782664 0.23215981073058167 0.46821254511670657 0.2243739634194951 0.4642311459235373 0.2109256817003455 0.4642311459235373 0.19676959568018806 0.46224044632695266 0.1797822924559992 0.46224044632695266 0.1627949892318103 0.4662218455201219 0.14863890321165288 0.465823705600805 0.13660623009451905 0.4574627672951495 0.1337750128904876 0.45029624874744484 0.1337750128904876 0.443926010038374 0.1337750128904876 0.43198181245886613 0.13165159998746398 0.4232227342338938 0.13165159998746398 0.42680599350774606 0.14014525159955843 0.4327780922975 0.14014525159955843 0.43954647092588783 0.14156086020157418 0.44750926931222634 0.14156086020157418 0.4491018289894941 0.15430133761971587 0.4514906685053957 0.15784035912475522 0.4518888084247125 0.17128864084390474 0.45467578785993107 0.18473692256305427 0.45467578785993107 0.20455544299127468 0.45427764794061415 0.22012713761344782
3 0.40212131851009675 0.14934670751266074 0.4096859769771183 0.14934670751266074 0.41844505520209063 0.15005451181366863 0.42481529391116146 0.15005451181366863 0.42242645439525994 0.13731403439552695 0.41486179592823835 0.13802183869653484 0.40809341729985055 0.13519062149250333 0.40132503867146274 0.1337750128904876 0.39535293988170894 0.14226866450258205 0.39216782052717347 0.14793109891064501
3 0.3635017463363547 0.13660623009451905 0.37146454472269325 0.13660623009451905 0.3798254830283486 0.13448281719149546 0.3881864213340042 0.1288203827834325 0.39575107980102575 0.1288203827834325 0.40251945842941356 0.1288203827834325 0.3949547999623919 0.13943744729855057 0.39216782052717347 0.1458076860076214 0.3913715406885396 0.14863890321165288 0.3842050221408349 0.14863890321165288 0.3730571043999609 0.14863890321165288 0.36549244593293934 0.14863890321165288 0.3635017463363547 0.14439207740560567
2 0.41486179592823835 0.36381141071804557 0.410880396735069 0.3595645849119984 0.410880396735069 0.35319434620292756 0.4112785366543859 0.3475319117948646 0.4124729564123367 0.34328508598881735 0.4124729564123367 0.3390382601827701 0.4124729564123367 0.33408363007571507 0.41525993584755516 0.33408363007571507 0.4196394749600415 0.33408363007571507 0.4212320346373092 0.33833045588176225 0.4212320346373092 0.3447006945908331 0.4232227342338938 0.34611630319284886 0.4232227342338938 0.3489475203968803 0.42561157374979536 0.3510709332999039 0.4244171539918446 0.3602723892130062 0.42163017455662605 0.36381141071804557 0.41844505520209063 0.36522701932006135
2 0.3981399193169273 0.345408498891841 0.3981399193169273 0.34116167308579376 0.3981399193169273 0.3369148472797465 0.3985380592362443 0.3326680214736993 0.40212131851009675 0.3326680214736993 0.40490829794531513 0.3326680214736993 0.4053064378646321 0.33833045588176225 0.4053064378646321 0.345408498891841 0.4068989975418998 0.3468241074938567 0.4088896971384844 0.3489475203968803 0.4068989975418998 0.3574411720089748 0.40052875883282885 0.3574411720089748 0.3985380592362443 0.3546099548049433
2 0.38778828141468724 0.35177873760091183 0.38340874230220107 0.3496553246978882 0.38340874230220107 0.34328508598881735 0.38340874230220107 0.33620704297873866 0.38340874230220107 0.3298368042696678 0.3865938616567364 0.3298368042696678 0.3905752608499057 0.3298368042696678 0.3925659604464904 0.3298368042696678 0.3925659604464904 0.3333758257747072 0.3913715406885396 0.33833045588176225 0.3917696806078565 0.3425772816878095 0.3925659604464904 0.345408498891841 0.3925659604464904 0.35319434620292756
6 0.6226908338116744 0.3737206709321558 0.6262740930855267 0.37301286663114797 0.6278666527627944 0.36947384512610854 0.630653632198013 0.3708894537281243 0.6334406116332314 0.37159725802913224 0.6334406116332314 0.38079871394223447 0.6366257309877669 0.38079871394223447 0.6402089902616191 0.37867530103921093 0.6402089902616191 0.3708894537281243 0.6402089902616191 0.36522701932006135 0.6382182906650345 0.3588567806109905 0.6354313112298161 0.3510709332999039 0.6330424717139145 0.35177873760091183 0.6298573523593791 0.35531775910595115 0.6282647926821114 0.3602723892130062 0.624681533408259 0.36381141071804557
6 0.6453848092127391 0.37442847523316375 0.6497643483252254 0.3701816494271164 0.6497643483252254 0.36310360641703776 0.6541438874377116 0.36310360641703776 0.6565327269536132 0.3666426279220771 0.6565327269536132 0.37301286663114797 0.6589215664695147 0.37867530103921093 0.6605141261467824 0.3871689526513054 0.6605141261467824 0.39778601716642337 0.6605141261467824 0.4126499074875888 0.657727146711564 0.4197279504976674 0.6533476075990776 0.40769527738053357 0.6533476075990776 0.3949547999623919 0.651356908002493 0.3907079741563447 0.6493662084059085 0.3822143225442502
6 0.6175150148605543 0.4154811246916202 0.6135336156673851 0.4119421031865807 0.6119410559901174 0.40344845157448633 0.6143298955060189 0.399909430069447 0.6147280354253358 0.3956626042633998 0.6187094346185051 0.3900001698553368 0.6207001342150897 0.3800909096412267 0.625079673327576 0.3800909096412267 0.6298573523593791 0.38292212684525817 0.6298573523593791 0.3921235827583604 0.6326443317945976 0.39778601716642337 0.6326443317945976 0.40486406017650206 0.6326443317945976 0.4140655160896045 0.6294592124400621 0.41760453759464383 0.6262740930855267 0.41335771178859654 0.6258759531662098 0.40769527738053357 0.6214964140537236 0.40769527738053357
