3 0.45677507107087484 0.25030533917460157 0.4415733650605922 0.25030533917460157 0.42673360443150665 0.24773150535275476 0.4176849699015765 0.24773150535275476 0.42202831447594297 0.22907121014436543 0.42202831447594297 0.21427166566874634 0.4234760960007318 0.1840291182620464 0.42492387752552063 0.16150807232088693 0.42419998676312615 0.14027394329065077 0.4401255835358032 0.14027394329065077 0.45315561725890274 0.14349123556795926 0.4632900879324245 0.14349123556795926 0.4618423064076357 0.16665573996458047 0.4589467433580581 0.1840291182620464 0.45822285259566364 0.20204595501497402 0.4546033987836917 0.22199316713428677 0.4527936718777055 0.2348623362435208 0.45568923492728325 0.25030533917460157
3 0.3898151755493916 0.14284777711249755 0.40284520927249107 0.14670852784526778 0.4144274614708017 0.15121273703349966 0.42239025985714024 0.15121273703349966 0.42239025985714024 0.16665573996458047 0.42202831447594297 0.18467257671750814 0.42202831447594297 0.20397633038135915 0.4209424783323513 0.2200627917679016 0.41985664218875973 0.2367927116099059 0.41515135223319605 0.24580112998636972 0.3959682470297441 0.24580112998636972 0.38836739402460274 0.24580112998636972 0.38836739402460274 0.22714083477798033 0.3894532301681943 0.20268941347043576 0.3894532301681943 0.18209874289566133 0.3894532301681943 0.16665573996458047
3 0.36520288962798153 0.13705665101334227 0.37569930568270055 0.13576973410241885 0.385471830975025 0.13448281719149546 0.3916249024553776 0.13062206645872523 0.39922575546051886 0.13062206645872523 0.4017593731288994 0.13383935873603375 0.40139742774770215 0.14413469402342097 0.38872933940579996 0.14091740174611248 0.38185237716305304 0.14477815247888268 0.37388957877671447 0.14413469402342097 0.3677365072963619 0.14413469402342097
1 0.5020182437205256 0.2606006744619888 0.507809369819681 0.2638179667392973 0.5136004959188363 0.2638179667392973 0.5183057858743999 0.2625310498283739 0.520115512780386 0.24001000388721436 0.5197535673991889 0.21234129030236126 0.5208394035427805 0.18917678590574002 0.5208394035427805 0.17888145061835278 0.5190296766367943 0.1711599491528124 0.5190296766367943 0.16022115540996348 0.5107049328692586 0.15571694622173157 0.5085332605820754 0.1660122815091188 0.5059996429136949 0.1775945337074294 0.5031040798641172 0.1840291182620464 0.5031040798641172 0.20140249655951234 0.5023801891017229 0.21877587485697825 0.5023801891017229 0.23872308697629097
1 0.5490711432761625 0.16086461386542517 0.5512428155633458 0.15571694622173157 0.5555861601377122 0.15571694622173157 0.55848172318729 0.16086461386542517 0.55848172318729 0.1679426568755039 0.5617392316180647 0.1756641583410443 0.5617392316180647 0.18788986899481663 0.5617392316180647 0.20075903810405063 0.5595675593308815 0.21427166566874634 0.5595675593308815 0.22907121014436543 0.5595675593308815 0.23936654543175265 0.5595675593308815 0.251592256085525 0.5573958870436982 0.2625310498283739 0.5548622693753178 0.24065346234267607 0.5548622693753178 0.22263662558974842 0.5548622693753178 0.20461978883682083 0.5559481055189094 0.1872464105393549 0.5559481055189094 0.18853332745027832 0.5559481055189094 0.1782379921628911 0.5537764332317262 0.1679426568755039
1 0.49333155457179273 0.14863890321165285 0.50274213448292 0.14863890321165285 0.50274213448292 0.16086461386542517 0.5059996429136949 0.1660122815091188 0.5052757521513005 0.1756641583410443 0.5031040798641172 0.1814552844401996 0.5016562983393285 0.1679426568755039 0.49912268067094806 0.16022115540996348 0.49441739071538426 0.15571694622173157
5 0.6004673874061658 0.21877587485697825 0.6073443496489127 0.22199316713428677 0.6113257488420821 0.22199316713428677 0.6113257488420821 0.23100158551075053 0.6160310387976458 0.22521045941159523 0.6134974211292653 0.21684549949059315 0.6091540765548988 0.21298474875782294 0.6026390596933491 0.2116978318468995
5 0.6218221648968011 0.22392354250067187 0.6294230179019424 0.22585391786705697 0.6315946901891256 0.21941933331243996 0.6247177279463787 0.21491512412420807 0.6178407657036318 0.21362820721328465 0.6160310387976458 0.2200627917679016
5 0.6334044170951116 0.2329319608771357 0.6294230179019424 0.24258383770906117 0.6294230179019424 0.2554530068182952 0.6283371817583508 0.2741133020266845 0.6283371817583508 0.2889128465023036 0.6352141440010978 0.29213013877961214 0.6439008331498306 0.29213013877961214 0.6460725054370138 0.27733059430399304 0.6467963961994083 0.2599572160065271 0.6489680684865915 0.24773150535275476 0.6475202869618027 0.23872308697629097 0.6435388877686334 0.2329319608771357
2 0.3753373603015034 0.3513283166820886 0.37606125106389776 0.3436068152165482 0.38149043178185577 0.3442502736720099 0.3833001586878419 0.3539021505039354 0.3858337763562223 0.3616236519694758 0.386919612499814 0.3751362795341715 0.386919612499814 0.3912227409207141 0.38764350326220837 0.4034484515744864 0.38764350326220837 0.41760453759464383 0.38764350326220837 0.4298302482484161 0.3847479402126307 0.434334457436648 0.3778709779698838 0.4356213743475713 0.3749754149203061 0.4278998728820309 0.3749754149203061 0.415030703772797 0.3749754149203061 0.4002311592971779 0.37388957877671447 0.39250965783163744 0.3728037426331228 0.3796404887224034 0.3728037426331228 0.3635540273358609
2 0.41251790300346597 0.3476963144630744 0.4143752551106406 0.34472455109159517 0.41418951989992303 0.3371300446978148 0.41864716495714194 0.3358092609771574 0.4210617226964689 0.33679984876765046 0.4210617226964689 0.34373396330110206 0.42217613396077364 0.34835670632340326 0.42217613396077364 0.34835670632340326 0.4240334860679482 0.3516586656250468 0.4214331931179038 0.35496062492669045 0.41864716495714194 0.3592531720188272 0.41697554806068493 0.3622249353903064 0.41418951989992303 0.3595833679489916 0.41288937342490084 0.35496062492669045
2 0.39821629177822204 0.34901709818373194 0.3987734974103743 0.34340376737093775 0.3991449678318093 0.3348186731866643 0.4019309959925711 0.33349788946600684 0.40508849457476775 0.33349788946600684 0.40601717062835513 0.3361394569073217 0.40601717062835513 0.3410923958597872 0.4052742297854853 0.34373396330110206 0.40676011147122504 0.346375530742417 0.40676011147122504 0.3509982737647181 0.40676011147122504 0.35661160457751223 0.4049027593640504 0.3595833679489916 0.40137379036041876 0.36156454352997774 0.39951643825324423 0.35793238829816976 0.39840202698893956 0.35628140864734786
0 0.5156009449516532 0.4616139103697797 0.5204300604303069 0.4692084167635601 0.5271165280161353 0.4725103760652038 0.5341744660233986 0.471849984204875 0.5373319646055953 0.46293469409043714 0.5373319646055953 0.44477391793139726 0.5377034350270302 0.4262829458421929 0.5377034350270302 0.40878256154348164 0.5377034350270302 0.3982162917782221 0.5390035815020524 0.3859990423621406 0.5377034350270302 0.3708100295745799 0.5354746124984208 0.36750807027293625 0.5354746124984208 0.3576021923680054 0.5345459364448335 0.350007685974225 0.5334315251805287 0.339111220278801 0.5274879984375702 0.3394414162089654 0.5258163815411131 0.34670572667258137 0.5230303533803513 0.3546304289965261 0.5208015308517419 0.360904151669649 0.5185727083231324 0.36816846213326493 0.5180155026909801 0.37609316445720964 0.5176440322695451 0.38665943422246934 0.5176440322695451 0.40019746735920825 0.516343885794523 0.4180280475880839 0.5161581505838055 0.4484060731632053
0 0.502042274569279 0.34802651039323884 0.4985133055656474 0.3407621999296228 0.4966559534584728 0.33019593016436327 0.49405566050842853 0.3239222074912403 0.49349845487627614 0.31731828888795305 0.4920125731905365 0.31368613365614506 0.49294124924412375 0.30609162726236466 0.4944271309298634 0.3021292761003923 0.499999187251387 0.3021292761003923 0.499999187251387 0.310053978424337 0.5031566858335836 0.3166578970276243 0.5050140379407583 0.3232618156309116 0.5064999196264979 0.32986573423419885 0.5044568323086058 0.3351488691168287
0 0.5072428604693677 0.3315167138850207 0.5096574182086946 0.3229316197007472 0.5117005055265866 0.31896926853877483 0.5105860942622819 0.3103841743545014 0.5169010914266754 0.3103841743545014 0.5191299139552847 0.32095044411976104 0.5217302069053291 0.32524299121189776 0.5250734406982432 0.34175278772011597 0.5250734406982432 0.34934729411389626 0.5219159421160466 0.3546304289965261 0.5187584435338498 0.34571513888208827 0.5169010914266754 0.3407621999296228 0.5146722688980659 0.3344884772564999 0.5130006520016087 0.3292053423738701 0.5092859477872597 0.32755436272304833
4 0.561391732331513 0.4917101137185061 0.5569418881531442 0.4864362243219209 0.5564474610222143 0.4719330284813115 0.5581779559804688 0.4618247404711899 0.5594140238077936 0.44644256306448304 0.5594140238077936 0.43501580270521517 0.5599084509387233 0.42930242252558104 0.5631222272897674 0.4227100607798496 0.5690553528609258 0.4227100607798496 0.5735051970392946 0.42710496861033725 0.5742468377356894 0.4376527474035077 0.5742468377356894 0.44644256306448304 0.5737524106047596 0.4688565929999702 0.5725163427774349 0.48072284414228683 0.5725163427774349 0.49039164136935975 0.568313712164531 0.49346807685070115
4 0.5663360036408116 0.4095253372883865 0.5722691292119699 0.40908584650533775 0.5777078276521984 0.41348075433582543 0.5777078276521984 0.42007311608155695 0.5784494683485932 0.43018140409167854 0.5754829055630141 0.43413682113911756 0.5730107699083646 0.42402853312899597 0.5675720714681363 0.4213915884307033 0.5631222272897674 0.4213915884307033 0.5646055086825571 0.41611769903411805
4 0.5658415765098816 0.4095253372883865 0.5638638679861623 0.4068883925900939 0.5653471493789518 0.40073552162741116 0.5675720714681363 0.3963406137969235 0.5727635563428998 0.3959011230138747 0.5767189733903387 0.3989775584952161 0.5796855361759179 0.40381195710875256 0.5789438954795231 0.4095253372883865 0.5772134005212686 0.41172279120363037 0.5730107699083646 0.40908584650533775 0.5700442071227855 0.40820686493924024
6 0.6209702016085615 0.40908584650533775 0.6175092116920524 0.41479922668497177 0.6135537946446136 0.4108438096375329 0.6135537946446136 0.4033724663257038 0.615531503168333 0.39678010457997226 0.619239706650307 0.3932641783155822 0.6204757744776317 0.3879902889189969 0.6246784050905354 0.38579283500375305 0.6286338221379744 0.38579283500375305 0.6286338221379744 0.39370366909863086 0.6311059577926237 0.39809857692911854 0.6328364527508782 0.40513042945789884 0.6328364527508782 0.41304126355277676 0.6293754628343692 0.4169966806002156 0.6283866085725095 0.4126017727697279 0.6259144729178601 0.4099648280714353
6 0.6392640054529665 0.4213915884307033 0.6345669477091327 0.42402853312899597 0.6330836663163432 0.41919413451545945 0.6333308798818081 0.4112833004205816 0.6355558019709925 0.4042514478918014 0.6397584325838963 0.40117501241045994 0.6397584325838963 0.40117501241045994 0.6414889275421508 0.39678010457997226 0.6469276259823793 0.39678010457997226 0.6476692666787741 0.40513042945789884 0.6513774701607481 0.4095253372883865 0.6528607515535377 0.41567820825106927 0.6528607515535377 0.42358904234594713 0.6486581209406339 0.4222705699968008 0.648163693809704 0.41567820825106927 0.6427249953694755 0.41611769903411805 0.6427249953694755 0.42007311608155695
6 0.6182508523884473 0.38974825205119196 0.6170147845611226 0.3849138534376555 0.6187452795193771 0.3818374179563142 0.6217118423049562 0.37832149169192403 0.6236895508286757 0.3774425101258265 0.6244311915250705 0.36953167603094866 0.6306115306616938 0.36953167603094866 0.6333308798818081 0.36953167603094866 0.6333308798818081 0.3765635285597291 0.6348141612745977 0.384034871871558 0.6360502291019223 0.3879902889189969 0.6360502291019223 0.3945826506647284 0.6343197341436678 0.40117501241045994 0.6323420256199483 0.4016145031935087 0.6308587442271587 0.3959011230138747 0.629622676399834 0.391506215183387 0.6288810357034392 0.38535334422070444 0.6236895508286757 0.38535334422070444 0.6204757744776317 0.38623232578680183
