5 0.5956478239260027 0.2285344398354242 0.5933751704734468 0.27611987508894176 0.5981729944288428 0.28150690549500035 0.6028445598590966 0.2830781226967674 0.6077686423396346 0.2833025822970198 0.6101675543173325 0.2824047438960101 0.6142078271218764 0.23122795503845345 0.6123139492447465 0.2247186266311327 0.6068848326636406 0.22180065182785091 0.6028445598590966 0.22157619222759853 0.6001931308311147 0.22180065182785091 0.5970366677025647 0.22539200543189003
5 0.6147128612224445 0.2307790358379486 0.6109251054681846 0.2821802842957577 0.6153441538481544 0.28711839550131135 0.6202682363286923 0.288465153102826 0.6255710943846563 0.2889140723033309 0.6278437478372122 0.288465153102826 0.6316315035914722 0.23975741984804627 0.6301164012897682 0.23324809144072545 0.6294851086640583 0.22988119743693886 0.6278437478372122 0.22786106103466686 0.6251923188092303 0.22696322263365712 0.6227934068315324 0.2262898438328998 0.6214045630549704 0.22606538423264733 0.6186268755018465 0.22606538423264733 0.6168592561498585 0.22673876303340465 0.6159754464738645 0.22875889943567665
5 0.65044402383763 0.24200201585057068 0.645646199882234 0.2916075875063602 0.650065248262204 0.29744353711292365 0.6551155892678838 0.2992392139149432 0.6620598081506938 0.29879029471443835 0.6662263394803797 0.25165377866142563 0.6657213053798118 0.2449199906538524 0.6648374957038178 0.24065525824905604 0.6616810325752678 0.23818620264627918 0.6573882427204398 0.23526822784299747 0.6536004869661799 0.23616606624400716 0.6505702823627719 0.2379617430460267
6 0.6118488128381234 0.4240041848768616 0.6069247303575854 0.48887300934981703 0.6103337105364194 0.5027895045654684 0.6156365685923832 0.5059319389690027 0.6203081340226373 0.5061563985692551 0.6247271824026072 0.5043607217672356 0.6273786114305892 0.4991981509614294 0.6282624211065831 0.48079246374072926 0.6302825575088551 0.4655292109235632 0.6307875916094231 0.45228609450866913 0.6320501768608431 0.43724730129175554 0.632933986536837 0.4296156748831726 0.6306613330842811 0.4215351292740847 0.627883645531157 0.4174948564695407 0.627883645531157 0.41008768966121023 0.6253584750283172 0.40627187645691876 0.6228333045254771 0.40627187645691876 0.6195505828717852 0.4064963360571711 0.6198030999220693 0.41031214926146264 0.6192980658215012 0.41457688166625906 0.6168991538438032 0.41592363926777365 0.6148790174415313 0.41816823527029806 0.6133639151398272 0.4210862100735798
6 0.633817796212831 0.4305135132841824 0.6412670491962089 0.42086175047332747 0.642150858872203 0.4141279624657542 0.646191131676747 0.4130056644644919 0.6507364385818587 0.41569917966752123 0.6504839215315747 0.42220850807484206 0.6533878676098407 0.4314113516851921 0.6545241943361187 0.44128757409629954 0.6517465067829948 0.4650802917230583 0.6493475948052968 0.4884240901493122 0.6470749413527409 0.5063808581695075 0.6403832395202148 0.5108700501745563 0.6323026939111271 0.508176534971527 0.6283886796317251 0.49987152976218674 0.6293987478328611 0.4801190849399719 0.631040108659707 0.4637335341215437 0.631923918335701 0.4498170389058923
6 0.6162678612180933 0.3928043004417722 0.6174041879443712 0.3820302396296551 0.6240958897768972 0.37709212842410134 0.6248534409277492 0.37192955761829516 0.6280099040562992 0.37080725961703304 0.6312926257099911 0.37439861322107215 0.630535074559139 0.3811324012286452 0.636090449665387 0.39055970443924776 0.635206639989393 0.4024560632526272 0.633565279162547 0.40604741685666623 0.6283886796317251 0.3945999772437918 0.6280099040562992 0.38853956803697576 0.6247271824026072 0.38674389123495634 0.6213182022237732 0.38719281043546117 0.6203081340226373 0.3941510580432869 0.6158890856426673 0.395722275245054
4 0.5597040419544781 0.4320847304859495 0.5573051299767802 0.4821392213422439 0.560840368680756 0.49089314575208903 0.56551193411101 0.49291328215436103 0.5698047239658379 0.49134206495259397 0.5725824115189619 0.48887300934981703 0.5752338405469439 0.43881851849352266 0.5730874456195298 0.4323091900862019 0.5734662211949559 0.42714661928039566 0.5696784654406959 0.4231063464758518 0.566648260837288 0.4224329676750945 0.563491797708738 0.42288188687559936 0.561976695407034 0.42512648287812366 0.560840368680756 0.4289422960824153
4 0.5780115281000678 0.4287178364821628 0.5796528889269138 0.4219840484745896 0.5804104400777658 0.41794377567004565 0.5841981958320257 0.4161480988680262 0.5907636391394097 0.41794377567004565 0.5922787414411137 0.4226574272753469 0.5940463607931016 0.4293912152829201 0.5936675852176757 0.4399408164947849 0.5932888096422496 0.447123523702863 0.5906373806142676 0.4399408164947849 0.5893747953628476 0.4320847304859495 0.5868496248600077 0.4300645940836775 0.5836931617314578 0.4291667556826677 0.5799054059771978 0.4291667556826677 0.5778852695749258 0.4334314880874641 0.5757388746475118 0.4365739224909983
4 0.5790215963012038 0.4152502604670164 0.5805366986029078 0.40896539165994805 0.5826830935303218 0.40425174005464676 0.5872284004354337 0.40312944205338463 0.5907636391394097 0.4040272804543943 0.5937938437428175 0.40829201285919065 0.5941726193182436 0.41592363926777365 0.5951826875193795 0.4226574272753469 0.5949301704690956 0.42714661928039566 0.5912686732399777 0.41816823527029806 0.5877334345360017 0.416597018068531 0.5839456787817418 0.41480134126651147 0.5807892156531917 0.4161480988680262 0.5785165622006359 0.41884161407105547
1 0.5408915217083204 0.18517917020826405 0.5401339705574684 0.20425823622972153 0.5386188682557644 0.263515570696366 0.5435429507363023 0.27114719710494906 0.5508659451945382 0.27159611630545394 0.5570526129264961 0.263515570696366 0.5598303004796201 0.20380931702921665 0.559451524904194 0.18832160461179823 0.5552849935745081 0.17664970539867128 0.5555375106247922 0.16610010418680654 0.5508659451945382 0.16407996778453454 0.5466994138648522 0.16565118498630166 0.5459418627140004 0.17552740739740907
1 0.5038977738417149 0.17687416499892372 0.5014988618640168 0.2549861058867733 0.5064229443445548 0.2614954342940941 0.5142509729033587 0.2626177322953563 0.5170286604564828 0.259924217092327 0.5196800894844646 0.2022380998274496 0.5218264844118786 0.18203673580472987 0.5186700212833287 0.16879361938983586 0.5189225383336127 0.15801955857771866 0.5141247143782167 0.15599942217544668 0.5102107000988149 0.15846847777822354 0.5098319245233888 0.1674468617883212
1 0.5300332885461085 0.15914185657898086 0.5304120641215345 0.15487712417418448 0.5343260784009365 0.1528569877719125 0.5373562830043443 0.15375482617292227 0.5392501608814744 0.15689726057645645 0.5395026779317583 0.16273321018301992 0.5393764194066164 0.1674468617883212 0.5429116581105923 0.1773230841994286 0.5400077120323264 0.18293457420573966 0.5358411807026404 0.17485402859665175 0.5359674392277824 0.16856915978958342 0.5359674392277824 0.16228429098251504 0.5324322005238065 0.16071307378074795
0 0.5177862116073347 0.36856266361450857 0.5162711093056307 0.45340839250993137 0.5218264844118786 0.4619378573195242 0.5299070300209665 0.4619378573195242 0.5369775074289184 0.45161271570791184 0.5395026779317583 0.3750719920218294 0.5326847175740905 0.35823752200289627 0.5328109760992324 0.34993251679355597 0.5253617231158545 0.3485857591920414 0.5252354645907126 0.3568907644013817
0 0.5066754613948388 0.3297311527708363 0.5109682512496668 0.3205283091604862 0.5119783194508027 0.3115499251503885 0.5191750553838966 0.3131211423521556 0.5189225383336127 0.3218750667620008 0.5232153281884406 0.332649127574118 0.5253617231158545 0.34342318838623515 0.5238466208141507 0.35015697639380844 0.5219527429370205 0.35599292600037186 0.5171549189816247 0.3398318347821961 0.5150085240542107 0.3281599355690692 0.5095794074731048 0.3281599355690692
0 0.5261192742667066 0.34252534998522544 0.5295282544455405 0.3369138599789144 0.5301595470712505 0.3295066931705838 0.5334422687249425 0.3259153395665448 0.5388713853060484 0.3301800719713411 0.5379875756300544 0.3387095367809339 0.5408915217083204 0.34611670358926444 0.5422803654848823 0.3566663048011292 0.5432904336860183 0.3665425272122367 0.5422803654848823 0.3755209112223342 0.5411440387586044 0.37731658802435386 0.5392501608814744 0.37170509801804275 0.5333160101998005 0.35823752200289627 0.5333160101998005 0.34903467839254615 0.5254879816409966 0.34768792079103156 0.5247304304901446 0.355544006799867 0.5223315185124466 0.3591353604039061 0.5222052599873046 0.3566663048011292
2 0.4161905975948949 0.3803459042336704 0.4160914573858442 0.439741905033831 0.4214450286745828 0.44784937101842265 0.42788914226287905 0.44820186953949187 0.4335401341787698 0.438860658731158 0.4321521712520598 0.3958558391607152 0.43264787229731333 0.37717341754404743 0.42788914226287905 0.3660697141303676 0.42779000205382833 0.3572572511036375 0.42461751536420567 0.3537322658929455 0.4219407297198363 0.35584725701936065 0.4219407297198363 0.36448347078555615 0.41807426156685845 0.36994719786212876
