2 0.4268596111326363 0.34414390951005297 0.4294388924319657 0.3424764953367491 0.4324871339675368 0.3424764953367491 0.4341284947943828 0.3458113236833567 0.4334250544400203 0.35248098037657216 0.43741121644807474 0.3654034402196771 0.4375399004135133 0.4331108315156749 0.4337882185235797 0.43561195277563075 0.43238133781485444 0.3709996535601065 0.4286296559249208 0.3618288756069353 0.4281606956886791 0.3564097795436979 0.4258158945074706 0.355576072457046 0.4269882950980748 0.35307495119709015
2 0.4122160476564611 0.34974012285048245 0.4143263687195487 0.3455715874172228 0.4143263687195487 0.3359839559207256 0.41737461025511974 0.3338996882040959 0.42112629214505354 0.3359839559207256 0.4208918120269327 0.34598844096054876 0.42417453368062463 0.354325511827068 0.4197194114363284 0.35599292600037186 0.4197194114363284 0.36307943623691313 0.4164366897826364 0.3709996535601065 0.4150298090739113 0.3584940472603277
2 0.4159677295463947 0.3743344819067142 0.4166711699007573 0.44103104883886823 0.42159525238129525 0.4481175590754095 0.4281606956886791 0.44728385198875764 0.4326158179329753 0.43769622049226053 0.43167789746049195 0.37266706773341035 0.4269882950980748 0.36391314332356517 0.4269882950980748 0.35766034017367576 0.42347109332626204 0.3572434866303497 0.4204228517906909 0.35891090080365357 0.4204228517906909 0.3668311181268469
0 0.474822239194729 0.36141202206360945 0.4734153584860039 0.43978048820889026 0.47857392108466273 0.4489512661620615 0.48701520533701337 0.45061868033536534 0.49404960888063904 0.44978497324871336 0.49545648958936417 0.4064322047428133 0.49545648958936417 0.376418749623344 0.49639441006184754 0.3626625826935872 0.49029792699070535 0.34348731970059304 0.4905324071088263 0.3347333952907478 0.48607728486453 0.3305648598574881 0.4830290433289589 0.332232274030792 0.48232560297459637 0.3401524913539853
0 0.497332330534331 0.3626625826935872 0.4949875293531224 0.44936811970538737 0.5001460919517813 0.4593726047452105 0.5095252966766154 0.4597894582885365 0.5158562598658785 0.45186924096534314 0.5179665809289661 0.36724797167017287 0.5114011376215821 0.34640529450387475 0.5121045779759448 0.33431654174742176 0.5076494557316485 0.3305648598574881 0.503897773841715 0.3330659811174439 0.5024908931329898 0.34348731970059304
0 0.5186700212833287 0.36808167875682474 0.5257044248269543 0.354325511827068 0.5264078651813169 0.3447378803305709 0.5306285073074922 0.34307046615726705 0.5353181096699093 0.3455715874172228 0.5336767488430634 0.3584940472603277 0.5402421921504472 0.376418749623344 0.5364905102605135 0.45228609450866913 0.5299250669531297 0.4618737260051663 0.5210148224645372 0.46104001891851437 0.5170286604564828 0.4527029480519951
4 0.5599385220725989 0.43352768505900086 0.5571247606551487 0.48188269608481243 0.561345402781324 0.4910534740379837 0.567910846088708 0.4923040346679615 0.572600448451125 0.48980291340800575 0.5754142098685753 0.4381130740355864 0.5742418092779711 0.4306097102557191 0.5718970080967625 0.4260243212791336 0.5672074057343455 0.4239400535625037 0.5625178033719284 0.4260243212791336
4 0.5761176502229378 0.43894678112223834 0.5737728490417294 0.4906366204946578 0.577524530931663 0.4964725701012212 0.584089974239047 0.497306277187873 0.5883106163652223 0.49188718112463564 0.5906554175464308 0.4460332913587797 0.5899519771920683 0.43686251340560855 0.5876071760108597 0.4318602708856971 0.5836210140028052 0.4297760031690672 0.5794003718766298 0.4318602708856971
4 0.5810417327034758 0.40726591182946525 0.5850278947115303 0.40351422993953157 0.5899519771920683 0.40309737639620563 0.5930002187276393 0.40684905828613926 0.5939381392001227 0.41185130080605087 0.5899519771920683 0.4135187149793546 0.5845589344752886 0.4135187149793546
6 0.6131655088860328 0.42227263938919984 0.6068345456967698 0.4906366204946578 0.6115241480591869 0.5031422267944365 0.6194964720752959 0.5064770551410442 0.6272343159732839 0.5018916661644587 0.6326273586900637 0.43227712442902294 0.6274687960914048 0.4164366897826364 0.6277032762095257 0.4097670330894211 0.6234826340833504 0.4060153511994873 0.6199654323115376 0.40684905828613926 0.6194964720752959 0.41185130080605087
6 0.6347376797531513 0.4310265637990451 0.6405996827061727 0.421022078759222 0.6422410435330186 0.4106007401760729 0.6466961657773149 0.4114344472627248 0.6502133675491276 0.41393556852268065 0.6499788874310068 0.4251906141924816 0.6546684897934238 0.4347782456889787 0.6464616856591942 0.5064770551410442 0.6380204014068434 0.509395029944326 0.630517037626976 0.5052264945110664 0.6281722364457675 0.5006411055344807
6 0.6356756002256347 0.398095133876294 0.6431789640055021 0.38850750237979687 0.6443513645961064 0.37933672442662575 0.6478685663679191 0.37850301733997377 0.6506823277853694 0.3810041385999296 0.6504478476672486 0.3889243559231229 0.6565443307383909 0.4014299622229018 0.6541995295571822 0.42060522521589605 0.6485720067222815 0.40559849765616135 0.6485720067222815 0.39559401261633825 0.6417720832967769 0.39476030552968633 0.6387238417612059 0.4014299622229018 0.6356756002256347 0.40434793702618355
5 0.5958139801450896 0.22718518111264946 0.5930002187276393 0.2726222173351794 0.5976898210900564 0.28137614174502457 0.6040207842793195 0.2830435559183284 0.6103517474685826 0.28095928820169863 0.6136344691222746 0.2359391055224947 0.611289667941066 0.22718518111264946 0.6044897445155613 0.22134923150608599
5 0.6148068697128787 0.23510539843584277 0.6117586281773076 0.28179299528835056 0.6171516708940873 0.28679523780826205 0.6237171142014712 0.28762894489491403 0.6284067165638884 0.28721209135158804 0.6312204779813385 0.2426087622157101 0.62887567680013 0.2334379842625389 0.6244205545558338 0.22801888819930138 0.6194964720752959 0.22676832756932352 0.6152758299491204 0.22926944882927935
5 0.632158398453822 0.24344246930236202 0.6293446370363717 0.28846265198156595 0.6337997592806679 0.2942986015881294 0.6410686429424143 0.29471545513145536 0.645054804950469 0.2930480409581515 0.6490409669585234 0.24677729764896975 0.6471651260135567 0.23844022678245047 0.6410686429424143 0.23177057008923507 0.633565279162547 0.23218742363256106 0.6330963189263052 0.23635595906582066
1 0.4858428047464091 0.17674590237020804 0.4834980035652006 0.254697514972163 0.48795312580949685 0.2613671716653784 0.49522200947124323 0.26178402520870436 0.5020219328967481 0.25761548977544474 0.5043667340779566 0.18299870552009748 0.49920817147929775 0.1679919779603628 0.4996771317155395 0.1584043464638657 0.49522200947124323 0.15673693229056185 0.49006344687258446 0.15757063937721374 0.49029792699070535 0.16632456378705895
1 0.5179665809289661 0.26178402520870436 0.5210148224645372 0.2025908220564177 0.5226561832913832 0.18216499843344555 0.5273457856538003 0.17382792756692628 0.5273457856538003 0.16298973544045126 0.5318009078980965 0.1604886141804955 0.5360215500242719 0.16340658898377725 0.535787069906151 0.17549534174023015 0.5400077120323264 0.1838324126067494 0.538835311441722 0.21843125670280428 0.537662910851118 0.24886156536559953 0.5364905102605135 0.265535707098638 0.5282837061262837 0.2701210960752236 0.5212493025826581 0.2688705354452457
1 0.5414145927410515 0.18341555906342344 0.5374284307329971 0.26636941418529 0.5432904336860184 0.27095480316187553 0.5522006781746108 0.27178851024852746 0.5568902805370278 0.265535707098638 0.5601730021907197 0.188000948040009 0.5552489197101819 0.17757960945685997 0.5557178799464236 0.16715827087371088 0.5512627577021273 0.1638234425271032 0.5465731553397103 0.16507400315708107 0.5463386752215895 0.17299422048027438
3 0.42628485474371225 0.13881222992754547 0.4220642126175369 0.24636044410564373 0.4593465513987527 0.25219639371220726 0.45067078702828106 0.22801888819930138 0.4621603128162029 0.16674141733038497 0.44926390631955593 0.14256391181747913
3 0.42909861616116246 0.13547740158093777 0.4670843952967409 0.13714481575424164 0.46356719352492803 0.16298973544045126 0.45067078702828106 0.14256391181747916
3 0.40354028328598945 0.13172571969100413 0.42769173545243744 0.1338099874076339 0.4253469342712289 0.13672796221091565 0.4248779740349871 0.15131783622732434 0.4004920417504183 0.14381447244745701
