2 0.41651438733657 0.439792821153959 0.417346861128715 0.4064938694681573 0.4160981504404974 0.37467487119061343 0.4188730630809809 0.3643151973328085 0.4190118087130051 0.3566687713901429 0.4227579407776577 0.355188817981885 0.4269203097383829 0.3576554069956481 0.4269203097383829 0.36554849183968996 0.4313601699631565 0.3791147314153871 0.4321926437553016 0.44127277456221686 0.4276140378985038 0.44842588270212985 0.4206767562972951 0.4471925881952483
2 0.42567159905016544 0.3554354768832614 0.42664281847433455 0.3532155467708746 0.42636532721028625 0.34408916741995116 0.4296952223788664 0.3421158962089407 0.4334413544435192 0.34482914412408006 0.4334413544435192 0.3529688878694982 0.4376037234042443 0.36480851513556106 0.4382974515643653 0.43066644180303565 0.43524504765983335 0.4353529609291854 0.4327476262833983 0.4353529609291854 0.431776406859229 0.3791147314153871 0.42733654663445547 0.36554849183968996 0.42733654663445547 0.3574087480942718
2 0.412629509639893 0.34852902764472465 0.4141557115921589 0.3460624386309616 0.41373947469608646 0.3381693537869197 0.4174856067607391 0.33496278806902763 0.4208155019293194 0.33693605928003817 0.421370484457416 0.34680241533509054 0.42553285341814123 0.3532155467708746 0.4234516689377786 0.3539555234750035 0.41942804560907754 0.355188817981885 0.4184568261849083 0.3625885850231743 0.417346861128715 0.36801508085345314 0.4142944572241831 0.358395383699777 0.4127682552719172 0.35592879468601396
3 0.36559474038369805 0.13714234916522783 0.4020848416060558 0.13048255882806747 0.40069738528581406 0.1445421162065171 0.3650397578556014 0.1445421162065171
3 0.40277856976617665 0.13196251223632532 0.4314989155951806 0.13442910125008842 0.43066644180303565 0.13763566696798044 0.42594909031421374 0.13911562037623829 0.42581034468218953 0.14873531752991434 0.4018073503420075 0.145282092910646
3 0.432608880651374 0.13615571355972259 0.4666015604972966 0.138868961474862 0.46368790222478895 0.16624809952763228 0.45175577787071 0.14602206961477496 0.44148860110092125 0.13985559708036724 0.4302502049069631 0.13862230257348568
1 0.4901883179414062 0.1689613474427717 0.48477723829246344 0.18252758701846872 0.4833897819722217 0.2555386218258562 0.4886621159891402 0.2626917299657691 0.4972643451746391 0.26343170666989807 0.5033691529837028 0.2607184587547587 0.5039241355117994 0.18425419932810286 0.4990680383909533 0.16846802964001908 0.49976176655107424 0.1581083557822141 0.4949056694302281 0.1553951078670747 0.4907433004695029 0.1563817434725799
1 0.5042016267758477 0.1805543158074582 0.5097514520568147 0.1682213707386428 0.5098901976888389 0.1578616968808378 0.5140525666495641 0.155641766768451 0.518769918138386 0.1581083557822141 0.518769918138386 0.1682213707386428 0.5226547958350628 0.17734775008956621 0.5200186288266037 0.2617050943602639 0.5098901976888389 0.2639250244726507 0.5043403724078719 0.2594851642478771
1 0.5139138210175399 0.15366849555744055 0.5139138210175399 0.14996861203679593 0.5182149356102893 0.14848865862853805 0.5233485239951837 0.15070858874092483 0.5230710327311353 0.15884833248634303 0.5264009278997156 0.16698807623176123 0.5247359803154255 0.17537447887855573 0.5218223220429178 0.17315454876616893 0.519602391930531 0.1682213707386428 0.5190474094024343 0.1578616968808378
0 0.47381633336255363 0.3630819028259269 0.4813085974918591 0.3408826017020591 0.4822798169160283 0.33126290454838314 0.4864421858767535 0.3300296100415015 0.4903270635734305 0.33348283466076983 0.4903270635734305 0.3438425085185748 0.49657061701451816 0.3662884685438189 0.49407319563808305 0.44817922380075353 0.4860259489806811 0.4550856730392902 0.47686873726708545 0.4508924717158929 0.4728451139383844 0.4378195499429486 0.4750650440507712 0.40501391605989945
0 0.49712559954261487 0.3645618562341848 0.5026754248235819 0.34778905094059576 0.5033691529837028 0.3381693537869197 0.5079477588405005 0.33496278806902763 0.5121101278012257 0.338416012688296 0.5121101278012257 0.34852902764472465 0.5183536812423134 0.3704816698672161 0.5157175142338541 0.44891920050488243 0.5104451802169356 0.45952553326406376 0.5010104772392918 0.46174546337645056 0.4951831606942765 0.4521257662227745 0.49657061701451816 0.4141402954108229
0 0.518769918138386 0.36924837536033467 0.5245972346834014 0.3532155467708746 0.525152217211498 0.3443358263213274 0.5294533318042474 0.3428558729130696 0.5325057357087792 0.3453224619268327 0.5327832269728275 0.35568213578463764 0.5408304736302296 0.3796080492181396 0.5362518677734319 0.45853889765855854 0.5309795337565133 0.4649520290943425 0.5202961200906518 0.4622387811792032 0.5168274792900476 0.45113913061726924
5 0.5954219956552805 0.22799064449022713 0.5934590659992741 0.27626417380831086 0.5980392351966225 0.2832434792518893 0.6042551791073095 0.28382508803885415 0.6101439680753288 0.2820802616779596 0.6137426724446738 0.23613316750773522 0.611125432903332 0.2262458181293325 0.6045823340499773 0.22217455662057847 0.5977120802539548 0.22217455662057847
5 0.6150512922153448 0.2349699499338055 0.611125432903332 0.2826618704649244 0.6150512922153448 0.28789634954760823 0.6222487009540351 0.28789634954760823 0.6271560250940511 0.2867331319736785 0.6310818844060639 0.24253086416434877 0.6291189547500575 0.23206190599898113 0.6248659404953769 0.22799064449022713 0.6209400811833641 0.22740903570326224 0.6166870669286835 0.23031707963808656
5 0.6314090393487317 0.23962282022952444 0.6340262788900735 0.23148029721201632 0.6402422228007606 0.23148029721201632 0.6467853216541153 0.23613316750773522 0.6490754062527894 0.24660212567310275 0.6448223919981089 0.2925492198433271 0.6399150678580928 0.2966204813520812 0.6314090393487317 0.293130828630292 0.6287917998073898 0.28789634954760823
4 0.5597621069044973 0.4332985462888244 0.5571448673631555 0.48389851075476775 0.561397881617836 0.4908778161983461 0.5672866705858552 0.4926226425592407 0.5718668397832036 0.49204103377227587 0.5751383892098809 0.4420226780932974 0.5741569243818778 0.4298088935670353 0.5702310650698649 0.4234111969104218 0.5636879662165102 0.4239928056973866
4 0.5757926990952164 0.44434911324115695 0.5728483046112067 0.491459424985311 0.5761198540378842 0.4966939040679948 0.5816814880632357 0.4990203392158542 0.5865888122032518 0.49553068649406495 0.5914961363432677 0.4501652011108056 0.5911689814006 0.4367881990106136 0.5885517418592582 0.43155371992792985 0.5839715726619099 0.4298088935670353 0.5803728682925647 0.43155371992792985 0.5777556287512229 0.43504337264971904
4 0.5928047561139387 0.4367881990106136 0.5931319110566065 0.4251560232713164 0.5908418264579323 0.4205031529755974 0.587570277031255 0.41643189146684345 0.5823357979485712 0.41643189146684345 0.5810271781779002 0.4216663705495272 0.5790642485218938 0.4274824584191758 0.5823357979485712 0.4263192408452461 0.5869159671459194 0.4274824584191758 0.5911689814006 0.430972111140965
6 0.6052366439353127 0.491459424985311 0.6117797427886674 0.426900849632211 0.6193043064700254 0.41468706510594877 0.6206129262406963 0.40654454208844065 0.6245387855527091 0.40596293330147576 0.6291189547500575 0.4106158035971948 0.6268288701513833 0.4181767178277379 0.6330448140620702 0.43039050235400017 0.6274831800367188 0.4798272492460136 0.6248659404953769 0.5071628622333623 0.6166870669286835 0.5059996446594326 0.6091625032473256 0.5013467743637137
6 0.6343534338327413 0.43039050235400017 0.6268288701513833 0.5048364270855029 0.6323905041767349 0.5112341237421164 0.6402422228007606 0.5112341237421164 0.6474396315394508 0.5065812534463975 0.6546370402781408 0.4367881990106136 0.6507111809661281 0.422247979336492 0.6507111809661281 0.4158502826798786 0.6477667864821186 0.4129422387450542 0.6435137722274379 0.41236062995808936 0.6422051524567669 0.4170135002538082 0.6422051524567669 0.4234111969104218
6 0.6405693777434283 0.38328019060984614 0.6487482513101217 0.37339284123144334 0.6494025611954573 0.3669951445748299 0.6533284205074701 0.3658319270009001 0.6556185051061442 0.3687399709357246 0.6546370402781408 0.37397445001840823 0.6605258292461602 0.3896778872664596 0.6569271248768151 0.4193399354016677 0.6556185051061442 0.41236062995808936 0.6556185051061442 0.3960755839230731 0.6516926457941313 0.38735145211860017 0.6503840260234603 0.37979053788805694 0.6474396315394508 0.37920892910109205 0.6451495469407766 0.38502501697074076
