3 0.4241932920900743 0.13921657786457164 0.41971237703278474 0.24467218725517362 0.45769346656600063 0.2518795850192795 0.4515055362487913 0.22229132051400272 0.46302788925325006 0.16804616892099522 0.44851825954393165 0.14111326148670478
3 0.3650878887153507 0.13769923096686515 0.40200209371111667 0.13049183320275926 0.40093520917366676 0.1456653021798243 0.3653012656228406 0.14414795528211777
3 0.3902663637991679 0.14680331235310418 0.38642557946434836 0.2469482076017334 0.41779198486537494 0.2477068810505866 0.42248627683015444 0.15287269994393018
5 0.5955349488045258 0.22987805500253514 0.593614556637116 0.2753984619337303 0.5978820947869155 0.28336453314668947 0.603429894381655 0.28412320659554263 0.6094044477913743 0.2848818800443959 0.6128184783112139 0.23632677931778784 0.6104713323288242 0.22418800413613582 0.6049235327340848 0.2215326470651494 0.5980954716944055 0.2215326470651494
5 0.6175127702759934 0.2196359634430163 0.6251943389456325 0.2166012696476033 0.630742138540372 0.2230499939628559 0.6318090230778218 0.23139540190024166 0.6315956461703319 0.23632677931778784 0.6281816156504922 0.23329208552237485 0.6271147311130424 0.22760203465597545 0.6239140775006926 0.22608468775826893 0.6209268007958331 0.22608468775826893 0.6177261471834834 0.22608468775826893 0.6158057550160736 0.2287400448292553 0.6134586090336839 0.23025739172696183
5 0.6328759076152718 0.23139540190024166 0.6356498074126415 0.2253260143094157 0.6401307224699309 0.22191198378957605 0.6450383913422004 0.22229132051400272 0.64845242186204 0.22608468775826893 0.64951930639949 0.23139540190024166 0.6501594371219599 0.2386027996643476 0.6490925525845099 0.24353417708189368 0.6456785220646705 0.23405075897122807 0.6426912453598106 0.2329127487979482 0.6382103303025212 0.23253341207352154 0.6347962997826816 0.23405075897122807 0.6315956461703319 0.23670611604221445
1 0.4858592183546776 0.176391576858381 0.4830853185573079 0.25491427881469253 0.48841974124455734 0.2606043296810919 0.4958879330067066 0.26136300312994515 0.5012223556939559 0.2583283093345321 0.5048497631212856 0.17980560737822063 0.500155471156506 0.16804616892099522 0.500155471156506 0.15856275081032956 0.49524780228423654 0.1562867304637698 0.49076688722694706 0.1578040773614763 0.49034013341196714 0.16690815874771534
1 0.5052765169362655 0.1782882604805141 0.5022892402314059 0.2583283093345321 0.5069835321961853 0.2640183602009315 0.5146651008658245 0.2647770336497848 0.5206396542755438 0.25870764605895874 0.5236269309804036 0.1801849441026472 0.5185058852006441 0.16766683219656858 0.519146015923114 0.15932142425918283 0.5148784777733145 0.15704540391262306 0.510184185808535 0.1589420875347562 0.509757431993555 0.16728749547214192
1 0.5244804386103634 0.1801849441026472 0.5212797849980138 0.26098366640551846 0.5244804386103634 0.2697084110673309 0.5298148612976129 0.2689497376184777 0.5342957763549024 0.2689497376184777 0.537496429967252 0.2640183602009315 0.5411238373945817 0.18321963789806028 0.5357894147073322 0.1722188728896881 0.5355760377998423 0.16425280167672895 0.5317352534650226 0.16083877115688933 0.5268275845927533 0.1631147915034491 0.5261874538702833 0.1725982096141147
0 0.48543246453969763 0.3296436135267377 0.48799298742957736 0.3243328993847649 0.4877796105220874 0.3194015219672189 0.49098026413443707 0.31636682817180584 0.4948210484692567 0.3186428485183656 0.4948210484692567 0.3262295830068982 0.5014357326014459 0.3482311130236424 0.49652806372917646 0.3599905514808677 0.4924739024868669 0.3467137661259359 0.4892732488745172 0.3391270316374034 0.4897000026894972 0.3311609604244442
0 0.5061300245662255 0.3311609604244442 0.5112510703459848 0.32205687903820523 0.5114644472534748 0.3159874914473792 0.5150918546808044 0.31371147110081943 0.518932639015624 0.31560815472295256 0.518719262108134 0.32357422593591173 0.5253339462403234 0.3448170825038028 0.5212797849980138 0.35430050061446833 0.5148784777733145 0.33609233784199044 0.5142383470508446 0.32812626662903127 0.5086905474561051 0.3277469299046046
0 0.5259740769627932 0.3432997356060962 0.5300282382051028 0.33571300111756375 0.5300282382051028 0.3266089197313247 0.5334422687249425 0.3262295830068982 0.5381365606897219 0.32850560335345785 0.537283053059762 0.3391270316374034 0.5434709833769714 0.3630252452762808 0.5421907219320315 0.374026010284653 0.5362161685223122 0.358852541307588 0.5330155149099625 0.35202448026790867 0.5321620072800026 0.3448170825038028 0.528534599852673 0.3436790723305229 0.5242670617028735 0.3524038169923353
4 0.5601143821611896 0.4305471822242202 0.55691372854884 0.4832749869195211 0.5607545128836595 0.4916203948569069 0.566302312478399 0.49275840503018675 0.5720634889806283 0.4901030479592004 0.575477519500468 0.43775457998832606 0.5741972580555281 0.4305471822242202 0.5712099813506684 0.42447779463339413 0.5656621817559291 0.4233397844601143
4 0.566942443200869 0.39716555047467705 0.5699297199057285 0.3865441221907316 0.575477519500468 0.38464743856859857 0.5801718114652474 0.3869234589151582 0.5825189574476372 0.392234173057131 0.5825189574476372 0.3994415708212369 0.5821250308491972 0.4029431405851762 0.5816654498176773 0.4070283053097693 0.5799584345577574 0.41006299910518235 0.5778246654828577 0.4020969278922233 0.5756908964079579 0.39716555047467705 0.5701430968132185 0.3964068770258239
4 0.5827323343551272 0.40057958099451674 0.5865731186899467 0.39109616288385113 0.5927610490071561 0.3903374894349978 0.5963884564344857 0.39716555047467705 0.5966018333419756 0.4085456522074759 0.5946814411745659 0.413477029625022 0.5914807875622162 0.40475228496320964 0.5857196110599868 0.4017175911677967 0.5837581257814091 0.4023032747911005 0.5826715725553514 0.4032690998809294 0.5822892667906275 0.40366258417678563
6 0.6115563479749451 0.4262529380329871 0.607114300177154 0.48961237948985087 0.6103167067290498 0.5021006172262762 0.6154818785869464 0.5061409294351196 0.6224032088765277 0.5066918810999619 0.6267419532371606 0.49971316001195953 0.6328368560294786 0.4330480085660421 0.6286014151060034 0.4179886630603528 0.6282915047945297 0.40954073753277087 0.6246758844940021 0.4055004253239275 0.6211635676306324 0.40641867809866467 0.6201305332590531 0.41321374863171956 0.6124860789093663 0.42313087859888077
6 0.6336632835267421 0.4321297557913049 0.6407912206906391 0.42019246971972196 0.642444075685166 0.41358104974161436 0.6472993372315886 0.41247914641192984 0.6501918334720106 0.41651945862077333 0.6497786197233792 0.42478373359340765 0.6550470950184335 0.43561911633530614 0.6479191578545364 0.5057736283252248 0.641101131002113 0.510548542753858 0.632113731969373 0.5087120372043836 0.6275683807344241 0.5000804611218543
6 0.615998395772736 0.38952282704350094 0.6239527604338966 0.37868744430160256 0.624882491368318 0.37115777154875795 0.6290146288546352 0.36987221766412587 0.6337665869638999 0.37427983098286427 0.6325269457180048 0.3825441059554986 0.6353161385212689 0.3880536226039215 0.6364524763300061 0.3931958381424496 0.6357293522699007 0.3998072581205571 0.6332500697781103 0.4038475703294006 0.6304608769748462 0.3990726559007674 0.6283948082316876 0.3937467898072919 0.6281882013573716 0.3865844181643421 0.6270518635486345 0.38217680484560373 0.6228164226251593 0.3829114070653935 0.6194074091989477 0.39062473037318557 0.6195107126361056 0.3926448864776073 0.6172380370186311 0.39393044036223934
2 0.3976841879466628 0.34898847578359715 0.3993292104407545 0.3438706280242008 0.3993292104407545 0.3346097606500551 0.4030305110524608 0.3321726902884378 0.40604638562496226 0.3343660536138934 0.4064576412484851 0.3436269209880391 0.41057019748371426 0.3521566672536997 0.40755432291121296 0.35873675723006637 0.40481261875439345 0.3636108979533009 0.4015225737662101 0.3614175346278454 0.3993292104407545 0.35581227279612565
2 0.3917691292533048 0.344076223647269 0.39061033628761604 0.3424281625405116 0.39072621558418497 0.33315781881500217 0.38806099176310094 0.3321277806232788 0.38470049216260377 0.33315781881500217 0.3843528542728971 0.3420161472638224 0.38296230271407067 0.3481963764141621 0.3872498366871189 0.3642649722050454 0.39049445699104723 0.35561265139456977 0.3902626983979095 0.34531226947733695
2 0.4172813469445005 0.44106235369591185 0.41716546764793155 0.4062470628156647 0.41635431257194944 0.3743158788722428 0.4198306914690156 0.3636034816783206 0.42017832935872224 0.3568052296129469 0.4236547082557883 0.35474515322950034 0.4268993285597167 0.35845329071970417 0.42643581137344116 0.3660755733384565 0.43153450042247143 0.37699397817072333 0.43211389690531576 0.4406503384192225 0.42724696644942317 0.44889064395300887 0.4198306914690156 0.4476545981229409
