0 0.4756632019857276 0.6085944771951599 0.4878800806701831 0.6442755197021409 0.48962534905367666 0.6985727582997208 0.49486115420415766 0.8025131864722309 0.4861348122866895 0.8242320819112627 0.4721726652187403 0.8242320819112627 0.4555926155755507 0.8071672354948807 0.4529747130003102 0.7575240459199503 0.449484176233323 0.6442755197021409 0.459083152342538 0.611697176543593 0.4625736891095253 0.5884269314303445 0.47479056779398077 0.5868755817561279
0 0.5450938992114773 0.5536427953156154 0.5349166419446462 0.5536427953156154 0.5349166419446462 0.5666696846171594 0.5284031972938742 0.5825914382079352 0.5210755720617557 0.604302920377175 0.521482662352429 0.6252906864741069 0.5255535652591614 0.6455547364987306 0.5288102875845474 0.6571341936556585 0.5336953710726263 0.6310804150525708 0.541430086595418 0.606474068594099 0.5442797186301308 0.5854863024971672 0.5532357050249421 0.5840388703525512 0.5455009895021505 0.5688408328340834
0 0.5161904885736768 0.6057503525217911 0.5088628633415583 0.5891048828587071 0.5084557730508851 0.5731831292679314 0.5007210575280934 0.5724594131956232 0.4994997866560737 0.5840388703525512 0.4893225293892425 0.610816365027947 0.48606580706385655 0.6260144025464148 0.4921721614239552 0.6375938597033428 0.5011281478187667 0.6158823775341029 0.5011281478187667 0.6006843400156351 0.5088628633415583 0.599236907871019
4 0.6403833066721247 0.716748062190318 0.6393739919018606 0.7992875811808164 0.6393739919018606 0.811847942766327 0.6339909797937846 0.8208196296131205 0.6269257764019349 0.823212079438932 0.6154868756722734 0.8196234047002148 0.6134682461317449 0.796297018898552 0.6117860548479712 0.7137574999080535 0.6161597521857829 0.7047858130612602 0.6228885173208779 0.6970103511273726 0.6319723502532562 0.6982065760402782 0.6387011153883511 0.7047858130612602
4 0.646775633550465 0.6724877404128042 0.6558594664828433 0.6736839653257101 0.6609060403341647 0.6802632023466919 0.6615789168476741 0.6874405518241263 0.6646068611584668 0.695216013758014 0.6646068611584668 0.7017952507789957 0.6572052195098624 0.6964122386709198 0.6514857691450316 0.6958141262144667 0.6450934422666913 0.7017952507789957 0.6417290596991438 0.7059820379741659 0.6380282388748416 0.6976084635838256 0.6373553623613321 0.6808613148031448 0.6417290596991438 0.6718896279563515
4 0.6240929662800598 0.6495501277078359 0.6217378984827766 0.6417746657739484 0.6143362568341721 0.633401091383608 0.6082803682125867 0.6316067540142494 0.6015516030774917 0.6387841034916839 0.5978507822531893 0.6465595654255715 0.5961685909694157 0.6776614131611217 0.5954957144559061 0.696801011767614 0.6015516030774917 0.6680916138578755 0.6042431091315297 0.6555312522723648 0.6109718742666247 0.6537369149030063 0.6163548863747007 0.6537369149030063 0.6220743367395314 0.6579237020981763
1 0.4962464287132552 0.2960656659441794 0.4915362931186886 0.2841034168151216 0.4928820461457077 0.26795438049089365 0.4881719105511412 0.2637675932957234 0.48177958367280094 0.2637675932957234 0.47538725679446064 0.2667581555779879 0.4757236950512154 0.28529964172802735 0.46933136817287524 0.2960656659441794 0.46462123257830873 0.32238261402810653 0.46293904129453495 0.33374675070071125 0.4652941090918182 0.36365237352335567 0.4673127386323468 0.3803995223040365 0.46933136817287524 0.409707032670228 0.46697630037559196 0.42166928179928576 0.46933136817287524 0.44798622988321285 0.47437794202419636 0.46592960357679947 0.48144314541604616 0.46951827831551673 0.4895176635781601 0.4689201658590639 0.49658286697000986 0.4641352662074408 0.5006201260510669 0.45576169181710036 0.5016294408213311 0.4252579565380031 0.5002836877943121 0.33673731298297566 0.4989379347672931 0.30862602752969004
1 0.5409927168616369 0.27752417979413985 0.5396469638346179 0.25838458118764746 0.5490672350237509 0.2571883562747417 0.5557960001588458 0.25838458118764746 0.5561324384156004 0.27752417979413985 0.5591603827263932 0.2876920915538389 0.5625247652939407 0.2960656659441794 0.563534080064205 0.3570731365023739 0.562188327037186 0.3857825344121125 0.5665620243749978 0.43422964338479647 0.567571339145262 0.4503786797090244 0.559496820983148 0.4587522540993648 0.5483943585102413 0.4599484790122705 0.5403198403481273 0.4599484790122705 0.5339275134697871 0.4509767921654772 0.5329181986995228 0.44021076794932534 0.5329181986995228 0.3666429358056201 0.5335910752130323 0.31939205174584195 0.5329181986995228 0.2906826538361034
1 0.5843932519829995 0.2518053441666657 0.5837203754694901 0.2422355448634195 0.5773280485911498 0.23984309503760795 0.567571339145262 0.2416374324069666 0.567571339145262 0.25958080610055323 0.5605061357534122 0.2763279548812341 0.5598332592399027 0.28290719190221586 0.564879833091224 0.2954675534877265 0.5685806539155263 0.2858977541844803 0.5736272277668475 0.27333739259896966 0.5759822955641307 0.2709449427731581 0.575645857307376 0.2530015690795715
5 0.6873433585499528 0.3385316503523344 0.6859976055229338 0.32955996350554106 0.6775866491040651 0.32417695139746505 0.6691756926851963 0.3247750638539181 0.661437612779837 0.3265694012232766 0.6570639154420254 0.3343448631571642 0.6563910389285158 0.35468068667656233 0.6563910389285158 0.3953523337153587 0.6567274771852706 0.41389381986539825 0.6563910389285158 0.4240617316250973 0.6574003536987801 0.43123908110253195 0.6661477483744035 0.4372202056670609 0.6765773343338007 0.4378183181235138 0.6833060994688958 0.43602398075415505 0.687006920293198 0.4300428561896263 0.6890255498337265 0.41927683197347426 0.6890255498337265 0.37920329739113073
5 0.7236786902794656 0.32058827665874773 0.7199778694551635 0.33314863824425844 0.7186321164281444 0.42765040636381463 0.7267066345902584 0.43542586829770225 0.7394912883469389 0.4348277558412493 0.7475658065090529 0.43183719355898487 0.7485751212793171 0.41688438214766266 0.7485751212793171 0.32955996350554106 0.7428556709144865 0.319392051745842 0.7361269057793913 0.31819582683293623
5 0.7664063488873186 0.3175977143764833 0.7653970341170545 0.30742980261678426 0.7583318307252048 0.3044392403345198 0.7479022447658078 0.30503735279097266 0.7421827944009769 0.30503735279097266 0.741846356144222 0.314009039637766 0.7482386830225622 0.3247750638539181 0.7539581333873931 0.3187939392893891
3 0.3472042809709011 0.29427132857482075 0.33912976280878726 0.2906826538361034 0.3307188063899185 0.29008454137965045 0.31995278217376655 0.2912807662925562 0.30346730759278384 0.28948642892319765 0.28664539475504636 0.2841034168151216 0.27554293228213966 0.2841034168151216 0.2782344383361776 0.3325505257878055 0.28193525916047985 0.42585606899445594 0.28126238264697034 0.45576169181710036 0.2758793705388944 0.4892559893784621 0.29842073374146255 0.489854101834915 0.326008670795352 0.4814805274445744 0.3472042809709011 0.4802843025316688 0.3576338669302984 0.4749012904235927 0.3482135957411654 0.4539673544477417 0.34754071922765595 0.43602398075415505 0.3455220896871275 0.34570899982976905 0.3465314044573918 0.3044392403345198
3 0.41112754975430366 0.24522610714568394 0.40641741415973714 0.2685524929473465 0.40439878461920853 0.2835053043586688 0.3912776926057734 0.2703468303167052 0.3801752301328667 0.26316948083927055 0.36638126160592194 0.2619732559263648 0.3498957870249392 0.2637675932957234 0.3438398984033537 0.2643657057521763 0.3317281211601827 0.2619732559263648 0.32970949161965424 0.2547959064489301 0.3485500339979202 0.2547959064489301 0.3623440025248649 0.25539401890538305 0.37613797105180974 0.2541977939924773 0.3906048160922639 0.2518053441666657 0.4074267289300014 0.24582421960213682
3 0.2836174504442536 0.25778646873119454 0.26208540201194963 0.2667581555779879 0.2432448596336837 0.2751317299683283 0.23584321798507923 0.27752417979413985 0.221376372944625 0.27812229225059276 0.2075824044176803 0.2829071919022158 0.20657308964741602 0.29367321611836783 0.21464760780953 0.30144867805225534 0.21632979909330377 0.3235788389410123 0.21532048432303952 0.37441839773950764 0.21464760780953 0.40133345827988764 0.21532048432303952 0.415090044778304 0.21834842863383228 0.4294447437331733 0.21632979909330377 0.4503786797090244 0.218684866890587 0.4599484790122705 0.2126289782690015 0.4754994028800457 0.2082552809311898 0.49105032674782073 0.20522733662039705 0.5030125758768785 0.2378618475256077 0.5006201260510669 0.2624218402687044 0.4988257886817083 0.27083279668757315 0.4970314513123496 0.2789073148496871 0.49643333885589674 0.27352430274161116 0.49045221429136787 0.27520649402538494 0.4790880776187629 0.2792437531064419 0.4509767921654772 0.2795801913631966 0.43123908110253195 0.27857087659293234 0.37023161054433745 0.2762158087956491 0.3427184375475046 0.27419717925512066 0.30204679050870825 0.2745336175118754 0.28111285453285717 0.28462676521451785 0.2799166296199514
6 0.7465564917387886 0.6357935412094196 0.7465564917387886 0.6238312920803618 0.7536216951306384 0.6208407297980973 0.7586682689819597 0.6244294045368147 0.7586682689819597 0.6375878785787782 0.7687614166846021 0.6585218145546292 0.7687614166846021 0.6776614131611217 0.7667427871440735 0.7171368352870122 0.7633784045765262 0.7368745463499576 0.7643877193467904 0.7554160324999971 0.7627055280630166 0.782331093040377 0.7559767629279216 0.7954895670823405 0.7452107387117697 0.7960876795387936 0.7374726588064103 0.7948914546258876 0.7270430728470132 0.7883122176049059 0.7270430728470132 0.7733594061935837 0.7280523876172775 0.7428556709144865 0.7304074554145606 0.7255104096773528 0.7327625232118439 0.6890255498337265 0.7341082762388629 0.6609142643804408 0.7341082762388629 0.6483539027949301
6 0.7159406103741065 0.6268218543626263 0.7078660922119924 0.6112709304948512 0.7075296539552377 0.5993086813657934 0.6987822592796141 0.5969162315399819 0.6974365062525952 0.6082803682125867 0.6863340437796885 0.6184482799722858 0.6822967846986316 0.6274199668190791 0.6816239081851221 0.697399124224067 0.6796052786445935 0.7302953093289759 0.6789324021310841 0.7518273577612797 0.6920534941445193 0.7667801691726019 0.6971000679958405 0.7374726588064103 0.6971000679958405 0.7147443854612007 0.6964271914823308 0.6698859512272342 0.6967636297390857 0.6561293647288179 0.7095482834957662 0.643569003143307 0.709884721752521 0.633401091383608
6 0.7250244433064847 0.5688049460866961 0.732426084955089 0.5688049460866961 0.7354540292658818 0.5801690827593009 0.7415099178874673 0.5897388820625472 0.7452107387117697 0.6034954685609637 0.741846356144222 0.5999067938222463 0.7374726588064103 0.5981124564528876 0.7327625232118439 0.5987105689093405 0.7320896466983343 0.6094765931254925 0.7256973198199943 0.6172520550593801 0.719304992941654 0.6238312920803618 0.712239789549804 0.6154577176900213 0.7112304747795399 0.6022992436480579 0.7115669130362947 0.5921313318883588 0.723342252022711 0.5819634201286596
2 0.360998249497846 0.6956047868547083 0.3606618112410912 0.6800538629869333 0.3549423608762605 0.6764651882482159 0.34754071922765595 0.6800538629869333 0.3468678427141465 0.6962028993111612 0.3438398984033537 0.7087632608966719 0.34013907757905154 0.7225198473950882 0.343503460146599 0.7793405307581126 0.34484921317361805 0.8104423784936627 0.3445127749168632 0.8343668767517782 0.3482135957411654 0.8505159130760062 0.35359660784924146 0.8576932625534408 0.3646990703221482 0.8558989251840822 0.3721007119707527 0.8505159130760062 0.37849303884909297 0.8361612141211369 0.3781566005923382 0.803265029016228 0.3754650945383002 0.7679763940855077 0.3741193415112811 0.7386688837193163 0.37008208243022417 0.7099594858095776 0.36806345288969566 0.6956047868547083
2 0.30481306061980284 0.6746708508788573 0.30514949887655757 0.6603161519239878 0.30279443107927434 0.654933139815912 0.2967385424576888 0.6537369149030063 0.29101909209285814 0.6567274771852706 0.2916919686063676 0.6716802885965927 0.2916919686063676 0.6806519754433861 0.2964021042009341 0.6854368750950092 0.29943004851172683 0.6956047868547083 0.30548593713331235 0.7063708110708603 0.30683169016033135 0.7189311726563709 0.31187826401165253 0.7069689235273131 0.31423333180893576 0.6985953491369727 0.31255114052516203 0.686633100007915 0.30885031970085985 0.6818482003562919
2 0.27049635843081843 0.707567035983766 0.27049635843081843 0.6914179996595381 0.26746841412002564 0.6848387626385563 0.2580481429308927 0.6872312124643678 0.25300156907957144 0.6914179996595381 0.2553566368768547 0.7105575982660305 0.25098293953904294 0.7255104096773528 0.24896430999851443 0.7338839840676932 0.25434732210659045 0.7805367556710183 0.2583845811876474 0.793097117256529 0.2580481429308927 0.8212084027098148 0.2617489637551949 0.8535064753582706 0.2651133463227424 0.8654687244873284 0.2698234819173089 0.867263061856687 0.27554293228213966 0.867263061856687 0.2782344383361776 0.8654687244873284 0.2829445739307441 0.8541045878147235 0.28933690080908436 0.8493196881631004 0.28563607998478213 0.8086480411243041 0.28429032695776313 0.7799386432145654 0.28126238264697034 0.7249122972208998 0.2768886853091586 0.712950048091842
