0 0.5163874753540548 0.36593482362106916 0.5183781749506393 0.3574411720089748 0.5227577140631257 0.3489475203968803 0.5227577140631257 0.3404538687847859 0.5299242326108303 0.3404538687847859 0.5335074918846827 0.3539021505039354 0.5386833108358027 0.36593482362106916 0.5394795906744365 0.38646114835029743 0.5394795906744365 0.4069874730795257 0.5374888910778519 0.4324684279158091 0.5374888910778519 0.45370255694604517 0.5331093519653657 0.46927425156821834 0.5219614342244917 0.46998205586922626 0.5143967757574702 0.4586571870531003 0.5171837551926887 0.4338840365178248 0.5171837551926887 0.4076952773805336 0.5171837551926887 0.3900001698553368
0 0.4749809237450944 0.3510709332999039 0.47856418301894665 0.34116167308579376 0.4813511624541652 0.3326680214736993 0.48732326124391906 0.3270055870656364 0.4909065205177715 0.33974606448377803 0.49488791971094076 0.35814897630998266 0.49488791971094076 0.383629931146266 0.49488791971094076 0.40557186447751 0.49488791971094076 0.42822160210976185 0.49488791971094076 0.449455731139998 0.4889158209211868 0.46290401285914756 0.47577720358372816 0.4572415784510845 0.47338836406782664 0.42963721071177763 0.4729902241485097 0.3956626042633998 0.47378650398714356 0.3708894537281243
0 0.5004618785813777 0.34823971609587245 0.50404513785523 0.33833045588176225 0.5080265370483994 0.3376226515807544 0.5136004959188363 0.3475319117948646 0.5136004959188363 0.3616879978150219 0.5159893354347379 0.37867530103921093 0.514794915676787 0.40203284297247066 0.5159893354347379 0.4225591677016989 0.514794915676787 0.4445011010329429 0.5120079362415685 0.4614884042571317 0.50404513785523 0.4614884042571317 0.49568419954957466 0.45228694834402944 0.49648047938820844 0.4204357547986753 0.49648047938820844 0.39141577845735254 0.49648047938820844 0.36947384512610854 0.49648047938820844 0.36947384512610854
4 0.5780991628481785 0.43529964511984054 0.58048800236408 0.42963721071177763 0.5844694015572494 0.42963721071177763 0.5896452205083693 0.4345918408188327 0.591237780185637 0.4487479268389901 0.591237780185637 0.4643196214611633 0.5888489406697356 0.48484594619039145 0.5888489406697356 0.49758642360853317 0.5812842822027139 0.4990020322105489 0.5709326443004739 0.49475520640450166 0.5729233438970585 0.47564449027728917 0.5745159035743262 0.45511816554806095
4 0.5581921668823322 0.4367152537218563 0.5613772862368676 0.4253903849057304 0.5665531051879876 0.4225591677016989 0.5745159035743262 0.4246825806047225 0.5745159035743262 0.4395464709258878 0.5725252039777415 0.46290401285914756 0.5709326443004739 0.48201472898636 0.5697382245425231 0.49333959780248593 0.558988446720966 0.49333959780248593 0.5577940269630152 0.4784757074813206 0.5577940269630152 0.4614884042571317
4 0.5828768418799817 0.3992016257684391 0.5888489406697356 0.40557186447751 0.5952191793788064 0.4069874730795257 0.5992005785719757 0.39990943006944696 0.5952191793788064 0.3907079741563447 0.5876545209117847 0.3907079741563447
1 0.50404513785523 0.17624327095095985 0.5080265370483994 0.17058083654289688 0.504443277774547 0.1599637720277788 0.5036469979359132 0.14863890321165288 0.49369349995298994 0.14863890321165288 0.49369349995298994 0.15642475052273946 0.4984711789847931 0.1635027935328182
1 0.5223595741438087 0.17624327095095985 0.5191744547892733 0.16633401073684964 0.5171837551926887 0.15854816342576308 0.5139986358381532 0.15854816342576308 0.5139986358381532 0.14863890321165288 0.5231558539824425 0.14934670751266074 0.5231558539824425 0.15925596772677095 0.5251465535790272 0.16916522794088112
1 0.5295260926915133 0.1599637720277788 0.5295260926915133 0.15217792471669223 0.5386833108358027 0.15217792471669223 0.5390814507551196 0.1613793806297946 0.5422665701096551 0.16987303224188902 0.5422665701096551 0.1797822924559992 0.5382851709164858 0.16916522794088112 0.5335074918846827 0.1613793806297946
5 0.6027838378458281 0.22154274621546358 0.6003949983299264 0.2158803118074006 0.6003949983299264 0.2116334860013534 0.6047745374424126 0.2116334860013534 0.6099503563935327 0.2116334860013534 0.6143298955060189 0.21658811610840847 0.6135336156673851 0.22720518062352654 0.6087559366355819 0.22720518062352654
5 0.6505606281638593 0.23499102793461313 0.657329006792247 0.23782224513864458 0.6660880850172194 0.23923785374066037 0.6660880850172194 0.23215981073058167 0.6621066858240502 0.22649737632251862 0.6565327269536132 0.22649737632251862 0.6525513277604439 0.22791298492453438
5 0.6258759531662098 0.22720518062352654 0.6203019942957728 0.22720518062352654 0.6163205951026035 0.22508176772050292 0.6179131547798713 0.2187115290114321 0.6207001342150897 0.21517250750639275 0.6262740930855267 0.2158803118074006 0.630653632198013 0.21729592040941634 0.6322461918752806 0.22225055051647144 0.630653632198013 0.22720518062352654
3 0.39575107980102575 0.14368427310459778 0.38340874230220107 0.14651549030862926 0.3730571043999609 0.14509988170661353 0.36549244593293934 0.14439207740560567 0.36549244593293934 0.1330672085894797 0.37584408383517937 0.1330672085894797 0.3846031620601519 0.12952818708444036 0.3913715406885396 0.12952818708444036 0.4001306189135121 0.12952818708444036 0.40251945842941356 0.1330672085894797 0.40132503867146274 0.14014525159955843
3 0.40490829794531513 0.14934670751266074 0.4096859769771183 0.15147012041568436 0.41525993584755516 0.15147012041568436 0.4208338947179922 0.15147012041568436 0.42600971366911233 0.15147012041568436 0.4264078535884292 0.14297646880358988 0.42561157374979536 0.1358984257935112 0.41844505520209063 0.1358984257935112 0.40928783705780136 0.1330672085894797 0.4045101580259981 0.1330672085894797 0.40132503867146274 0.14014525159955843
3 0.3897789810112719 0.14934670751266074 0.3897789810112719 0.1719964451449126 0.3897789810112719 0.19252276987414085 0.3897789810112719 0.21234129030236126 0.3873901414953703 0.22791298492453438 0.38579758181810264 0.24631589675073903 0.3981399193169273 0.24985491825577844 0.4084915572191675 0.24985491825577844 0.4180469152827737 0.2505627225567863 0.42043575479867523 0.251978331158802 0.42043575479867523 0.22932859352655016 0.4200376148793584 0.21234129030236126 0.4200376148793584 0.18473692256305427 0.42242645439525994 0.16845742363987326 0.42282459431457686 0.15430133761971584 0.4112785366543859 0.15430133761971584 0.4017231785907797 0.1500545118136686
6 0.6334406116332314 0.43529964511984054 0.6326443317945976 0.45370255694604517 0.6310517721173299 0.4721054687722498 0.6286629326014282 0.49333959780248593 0.6282647926821114 0.5074956838226433 0.6386164305843515 0.5138659225317141 0.6469773688900069 0.5039566623176039 0.6489680684865917 0.47139766447124193 0.652153187841127 0.4515791440430215 0.6541438874377116 0.42609818920673825 0.6489680684865917 0.4126499074875888 0.6402089902616191 0.41194210318658087 0.6378201507457176 0.42114355909968315
6 0.6175150148605543 0.4154811246916202 0.6127373358287512 0.40911088598254935 0.6151261753446527 0.39141577845735254 0.6199038543764559 0.38575334404928957 0.6266722330048436 0.3850455397482817 0.6314499120366468 0.3907079741563447 0.6314499120366468 0.4006172343704548 0.6322461918752806 0.4105264945845651 0.6322461918752806 0.42114355909968315 0.6266722330048436 0.4126499074875888 0.6218945539730406 0.4126499074875888
6 0.6366257309877669 0.3871689526513053 0.6310517721173299 0.377967496738203 0.6290610725207453 0.37301286663114797 0.6210982741344067 0.37301286663114797 0.6234871136503083 0.3673504322230849 0.6254778132468929 0.36239580211602984 0.6290610725207453 0.35602556340695896 0.6342368914718652 0.35602556340695896 0.6394127104229853 0.36239580211602984 0.64140341001957 0.3715972580291321 0.64140341001957 0.38150651824324233
2 0.43198181245886613 0.4338840365178248 0.438352051167937 0.4338840365178248 0.438352051167937 0.4239747763037147 0.438352051167937 0.4062796687785179 0.438352051167937 0.39141577845735254 0.438352051167937 0.3715972580291321 0.4351669318134016 0.35531775910595115 0.4327780922975 0.3425772816878095 0.42680599350774606 0.34328508598881735 0.42680599350774606 0.350363128998896 0.42680599350774606 0.35814897630998266 0.4299911128622815 0.3666426279220771 0.4299911128622815 0.37867530103921093 0.4299911128622815 0.3949547999623919 0.4299911128622815 0.4098186902835572 0.4299911128622815 0.4204357547986753
2 0.38340874230220107 0.3418694773868016 0.38340874230220107 0.3333758257747072 0.38898270117263806 0.3333758257747072 0.39336224028512423 0.33408363007571507 0.3925659604464904 0.34116167308579376 0.3925659604464904 0.3468241074938567 0.38898270117263806 0.35319434620292756 0.383806882221518 0.35602556340695896
2 0.40212131851009675 0.35602556340695896 0.4041120181066813 0.3475319117948646 0.4096859769771183 0.3489475203968803 0.4128710963316537 0.3489475203968803 0.4128710963316537 0.3595645849119984 0.41486179592823835 0.3701816494271164 0.41486179592823835 0.383629931146266 0.41486179592823835 0.39990943006944696 0.41486179592823835 0.4147733203906123 0.41486179592823835 0.4147733203906123 0.41486179592823835 0.427513797808754 0.41486179592823835 0.4409620795279035 0.4041120181066813 0.4409620795279035 0.4041120181066813 0.4225591677016989 0.4041120181066813 0.40557186447751 0.4041120181066813 0.3871689526513053 0.40212131851009675 0.3765518881361873
