3 0.3905230221513871 0.14531477072498514 0.3905230221513871 0.1611087509954087 0.3905230221513871 0.17748769349807017 0.3905230221513871 0.18860197591059044 0.3898649396401195 0.22486963430934087 0.3885487746175842 0.2470981991343814 0.3971038472640636 0.2517778969922847 0.4066460436774445 0.2517778969922847 0.4175044051133607 0.24534331243766772 0.4230981064591357 0.23130421886395788 0.4230981064591357 0.19854633385863493 0.4237561889704034 0.17573280680135647 0.4244142714816711 0.15116439304736423 0.40960741497814895 0.1499944685828884 0.4010523423316695 0.1482395818861747
3 0.36650301049011796 0.14472980849274722 0.37933561945983707 0.14706965742169886 0.3885487746175842 0.1488245441184126 0.3974328885196975 0.1441448462605093 0.402039466098571 0.1382952239381302 0.3997361773091342 0.12893582822232366 0.3918391871739224 0.12893582822232366 0.3846002795499783 0.1306907149190374 0.3753871243922312 0.13595537500917856 0.3658449279788503 0.13654033724141648
3 0.364528762956315 0.1482395818861747 0.3618964329112444 0.17631776903359436 0.3618964329112444 0.19737640939415912 0.3615673916556106 0.22077489868367542 0.35498656654293403 0.23832376565081279 0.3674901342570195 0.24300346350871607 0.3816389082492739 0.24358842574095393 0.38756165085068267 0.24358842574095393 0.38821973336195037 0.21902001198696175 0.38821973336195037 0.1921117493040179 0.388877815873218 0.172223033407929 0.388877815873218 0.16052378876317083 0.38756165085068267 0.1499944685828884
1 0.5191781531042124 0.2634771416370429 0.5204943181267476 0.22720948323829251 0.5214814418936492 0.19854633385863493 0.5231266481718183 0.1815824291237355 0.5247718544499874 0.17046814671121524 0.5264170607281565 0.1611087509954087 0.5346430921190022 0.1611087509954087 0.5385915871866079 0.1692982222467394 0.5385915871866079 0.1815824291237355 0.5399077522091433 0.20205610725206238 0.5399077522091433 0.2231147476126271 0.5379335046753404 0.24417338797319188 0.5379335046753404 0.2623072171725671 0.5369463809084388 0.2734214995850874 0.5247718544499874 0.2734214995850874
1 0.53102363830703 0.15291927974407796 0.5382625459309742 0.15291927974407796 0.5402367934647772 0.1669583733177878 0.5425400822542139 0.1733929578724048 0.5425400822542139 0.18216739135597348 0.5392496696978757 0.18275235358821137 0.5379335046753404 0.16520348662107406 0.5336559683521007 0.16052378876317083 0.5306945970513962 0.1599388265309329
1 0.4941710176760418 0.15291927974407796 0.4981195127436477 0.14706965742169886 0.5027260903225211 0.14706965742169886 0.5037132140894227 0.15701401536974333 0.5076617091570286 0.1675433355500257 0.5047003378563241 0.17573280680135647 0.5007518427887183 0.16344859992436034 0.49844855399928145 0.15935386429869497 0.4931838939091403 0.15467416644079168
5 0.5981480544563302 0.2231147476126271 0.5955157244112597 0.23305910556067158 0.5955157244112597 0.24592827466990555 0.5945286006443582 0.2570425570824259 0.5945286006443582 0.2669869150304704 0.5938705181330906 0.275761348514039 0.5988061369675979 0.28278089530089395 0.6070321683584434 0.28102600860418014 0.6106516221704156 0.269326763959422 0.6106516221704156 0.250023010295571 0.6106516221704156 0.23305910556067158 0.6106516221704156 0.2242846720771029 0.6017675082683023 0.22018993645143758
5 0.6326973862978817 0.23305910556067158 0.6307231387640787 0.2470981991343814 0.6307231387640787 0.2593824060113775 0.630394097508445 0.27400646181732524 0.6290779324859097 0.28570570646208343 0.6310521800197126 0.29214029101670047 0.6376330051323891 0.29214029101670047 0.6438847889894318 0.29155532878446255 0.6455299952676009 0.27225157512061154 0.6461880777788686 0.25821248154690174 0.6461880777788686 0.24417338797319188 0.6455299952676009 0.23598391672186114 0.6399362939218259 0.23305910556067158
5 0.6155872410049229 0.23013429439948202 0.6169034060274582 0.22603955877381673 0.6198647773281627 0.2242846720771029 0.6238132723957684 0.2242846720771029 0.6280908087190081 0.2289643699350062 0.6284198499746421 0.2336440677929095 0.6300650562528112 0.24475835020542977 0.6287488912302759 0.2587974437791396 0.6287488912302759 0.2734214995850874 0.6277617674633744 0.28453578199760765 0.6205228598394302 0.28746059315879724 0.613283952215486 0.28570570646208343 0.609664498403514 0.27985608413970436 0.6113097046816831 0.2623072171725671 0.6119677871929509 0.2517778969922847 0.6119677871929509 0.2400786523475265
2 0.41421399255702246 0.346541778614826 0.4135559100457548 0.3365974206667816 0.4201367351584313 0.3365974206667816 0.4201367351584313 0.34478689191811235 0.4234271477147696 0.35239140093720517 0.4250723539929387 0.35648613656287054 0.420794817669699 0.3594109477240601 0.4178334463689945 0.3640906455819634 0.4138849513013887 0.3588259854918222 0.41322686879012094 0.34771170307930194
2 0.39874905354223267 0.3360124584345437 0.40269754860983864 0.33308764727335416 0.4066460436774445 0.3360124584345437 0.4079622086999798 0.340692156292447 0.41092358000068413 0.34595681638258813 0.41125262125631806 0.35122147647272933 0.4050008373992754 0.35122147647272933 0.4050008373992754 0.3559011743306326 0.40039425982040183 0.3559011743306326 0.39611672349716215 0.35005155200825355 0.398090971030965 0.34420192968587443
2 0.3839421970387107 0.34303200522139865 0.383284114527443 0.33250268504111624 0.39118110466265477 0.33250268504111624 0.39118110466265477 0.34127711852468484 0.3938134347077254 0.34478689191811235 0.39578768224152827 0.3482966653115398 0.39578768224152827 0.35180643870496725 0.388877815873218 0.35180643870496725 0.388877815873218 0.3576560610273464 0.3862454858281474 0.3635056833497255 0.38295507327180917 0.35648613656287054 0.38295507327180917 0.34361696745363657
0 0.48660306879646376 0.3260681004864992 0.48660306879646376 0.3167087047706927 0.48660306879646376 0.3096891579838378 0.49285485265350654 0.31085908244831356 0.4954871826985771 0.3172936670029306 0.4961452652098447 0.3260681004864992 0.5000937602774506 0.3389372695957333 0.4997647190218168 0.34771170307930194 0.4991066365105492 0.36058087218853596 0.49351293516477407 0.35824102325958423 0.491867728886605 0.3389372695957333 0.49055156386406973 0.33016283611216457 0.48660306879646376 0.3284079494154508 0.48660306879646376 0.32782298718321295
0 0.5017389665556198 0.3506365142404914 0.5017389665556198 0.34127711852468484 0.5079907504126624 0.3389372695957333 0.5112811629690006 0.3488816275437777 0.5152296580366065 0.35824102325958423 0.5168748643147756 0.37345004129776993 0.5168748643147756 0.3892440215681935 0.5155586992922404 0.4085477752320445 0.5155586992922404 0.42609664219918175 0.5155586992922404 0.450665055953174 0.5122682867359021 0.4652891117591217 0.503055131578155 0.4652891117591217 0.4925258113978726 0.4535898671143636 0.49384197642040795 0.4243417555024681 0.4951581414429432 0.4003583039807138 0.4951581414429432 0.3787147013879111 0.49746143023238004 0.3635056833497255
0 0.505029379111958 0.32899291164768873 0.5033841728337889 0.3196335159318822 0.5007518427887183 0.3096891579838378 0.4968033477211124 0.30149968673250704 0.4931838939091403 0.3073493090548861 0.4931838939091403 0.31436885584174107 0.4945000589316756 0.32080344039635805 0.49713238897674616 0.32723802495097504 0.5007518427887183 0.33718238289901953 0.5040422553450564 0.3348425339700679 0.5040422553450564 0.32957787387992676
4 0.5849864042309773 0.4143973975544236 0.5889348992985831 0.41615228425113737 0.5941995593887243 0.42024701987680274 0.5941995593887243 0.42843649112813337 0.5889348992985831 0.42843649112813337 0.5820250329302727 0.42843649112813337 0.5797217441408361 0.4231718310379922
4 0.5695214652161875 0.3950936438905726 0.5695214652161875 0.3857342481747661 0.5751151665619625 0.3833943992458144 0.5813669504190052 0.38631921040700395 0.5813669504190052 0.3939237194260968 0.5803798266521036 0.3980184550517622 0.5734699602837934 0.3962635683550484
4 0.5859735279978787 0.39860341728400006 0.5846573629753433 0.3915838704971451 0.5892639405542169 0.3892440215681935 0.5948576418999919 0.3904139460326693 0.5981480544563302 0.39743349281952417 0.5945286006443582 0.40328311514190335
6 0.6169034060274582 0.41205754862547195 0.6139420347267538 0.41790717094785107 0.6113097046816831 0.42843649112813337 0.6106516221704156 0.4471552825597465 0.609664498403514 0.4617793383656943 0.609664498403514 0.4734785830104525 0.6076902508697112 0.4939522611387793 0.6093354571478803 0.508576316944727 0.6198647773281627 0.508576316944727 0.6271036849521068 0.5074063924802512 0.626774643696473 0.49102744997758985 0.626774643696473 0.47113873408150087 0.6307231387640787 0.4535898671143636 0.6323683450422479 0.42785152889589556 0.6274327262077406 0.41732220871561326 0.6261165611852052 0.40562296407085496 0.6192066948168949 0.4062079263030928
6 0.6481623253126715 0.367015456743153 0.651123696613376 0.3588259854918222 0.6567173979591509 0.36175079665301185 0.6567173979591509 0.37052523013658034 0.6573754804704186 0.37520492799448363 0.6596787692598554 0.3833943992458144 0.6596787692598554 0.3950936438905726 0.6590206867485877 0.4132274730899478 0.6573754804704186 0.42609664219918175 0.6540850679140804 0.40562296407085496 0.6527689028915451 0.3915838704971451 0.6501365728464744 0.3886590593359556 0.6501365728464744 0.3798846258523869 0.6461880777788686 0.3798846258523869
6 0.6379620463880229 0.4225868688057544 0.6323683450422479 0.4126425108577099 0.6369749226211214 0.4009432662129517 0.6409234176887274 0.3962635683550484 0.6425686239668965 0.39099890826490724 0.6461880777788686 0.39099890826490724 0.6488204078239391 0.39743349281952417 0.6494784903352069 0.40328311514190335 0.651123696613376 0.4103026619287583 0.6534269854028126 0.41790717094785107 0.6534269854028126 0.42960641559260926 0.649149449079573 0.424926717734706 0.6468461602901363 0.4143973975544236 0.6402653351774596 0.4196620576445648
