0 0.5692469732474121 0.7750231995381975 0.5674557759684498 0.7447718677157233 0.5670079766487092 0.7153166235727879 0.5687991739276714 0.6508335215301456 0.5687991739276714 0.6349117679393698 0.5634255820907846 0.6197861020281327 0.5567085922946762 0.6022721730782793 0.5567085922946762 0.5871465071670422 0.5513350004577892 0.5839621564488869 0.5446180106616806 0.5855543318079646 0.5437224120221995 0.5982917346805853 0.5343186263076475 0.6237665404258267 0.5298406331102418 0.6380961186575249 0.5302884324299822 0.680288765673081 0.5298406331102418 0.7177048866114043 0.530736231749723 0.7797997256154302 0.5325274290286852 0.7957214792062061 0.5490960038590863 0.8092549697583656 0.5638733814105252 0.8060706190402104 0.5674557759684498 0.7893527777698958
0 0.4926732895717743 0.5465460355105637 0.49088209229281204 0.5584873507036455 0.4864040990954063 0.5783895426921154 0.4810305072585195 0.5935152086033525 0.48282170453748174 0.618193926669055 0.48729969773488746 0.614213488271361 0.4949122861704771 0.5919230332442749 0.4975990820889206 0.5704286658967275 0.5070028678034727 0.5704286658967275 0.5078984664429538 0.5879425948465808 0.515958854198284 0.6062526114759732 0.5168544528377652 0.5903308578851972 0.5132720582798406 0.5767973673330378 0.5016292759665858 0.5576912630241068 0.5007336773271046 0.5465460355105637
0 0.4922254902520337 0.7973136545652837 0.4899864936533309 0.7415875169975681 0.4895386943335903 0.669143538159538 0.48774749705462805 0.6428726447347577 0.47744811270059484 0.6173978389895164 0.47341791882292983 0.6102330498736671 0.4729701195031892 0.5974956470010464 0.4635663337886372 0.6006799977192017 0.4617751365096749 0.6118252252327447 0.45058015351616054 0.649241346171068 0.4496845548766794 0.7057635714183225 0.45237135079512286 0.7622857966655768 0.45461034739382566 0.8036823560015941 0.46311853446889656 0.8140314958355984 0.4752091161018919 0.8148275835151373 0.48774749705462805 0.8092549697583656
4 0.6385618299500551 0.8136016084886474 0.6345316360723898 0.8223585729635741 0.622888853759135 0.8239507483226515 0.613485068044583 0.8199703099249578 0.6116938707656208 0.8096211700909534 0.6121416700853611 0.7164789115849145 0.617515261922248 0.7021493333532162 0.6251278503578378 0.6965767195964446 0.632292639473687 0.6997610703145998 0.6390096292697955 0.7061297717509102 0.6394574285895361 0.733196752855229
4 0.6251278503578378 0.6496075465036558 0.6264712483170595 0.6320936175538023 0.6399052279092767 0.6320936175538023 0.6475178163448664 0.6392584066696515 0.651100210902791 0.6551801602604272 0.6408008265487578 0.6504036341831946 0.6345316360723898 0.6543840725808886 0.6287102449157624 0.6726940892102808 0.6246800510380972 0.6679175631330481
4 0.6555782041001967 0.6965767195964446 0.6654297891344894 0.7029454210327549 0.6613995952568241 0.6846354044033628 0.6564738027396778 0.6734901768898196 0.6421442245079796 0.6750823522488971 0.6376662313105738 0.6870236674419791 0.635427234711871 0.6973728072759833 0.6403530272290172 0.7069258594304489 0.6425920238277202 0.7124984731872205 0.6484134149843476 0.7005571579941386
5 0.7191657075033578 0.32878421164952193 0.7191657075033578 0.4290912592714099 0.7299128911771317 0.4330716976691039 0.7415556734903865 0.4330716976691039 0.7478248639667545 0.42511082087371593 0.748272663286495 0.32958029932906074 0.7402122755311646 0.32002724717459513 0.7299128911771317 0.32002724717459513 0.7245392993402446 0.32082333485413383
5 0.6882675544412584 0.33356073772675465 0.6882675544412584 0.42590690855325475 0.6855807585228151 0.4346638730281815 0.676176972808263 0.4386443114258754 0.6690121836924139 0.4378482237463367 0.6573694013791591 0.42670299623279356 0.6560260034199373 0.3956555767307806 0.6573694013791591 0.3319685623676771 0.6663253877739704 0.3255998609313667 0.6743857755293008 0.32321159789275034 0.6819983639648904 0.3271920362904443
5 0.6855807585228151 0.31684289645644004 0.6927455476386641 0.30649375662243566 0.7012537347137351 0.3049015812633581 0.7111053197480275 0.312862458058746 0.713792115666471 0.32400768557228915 0.7052839285914003 0.3216194225336727 0.6981191394755509 0.32400768557228915 0.6918499489991831 0.3311724746881383
3 0.4106319762021041 0.2451950052979485 0.39675019729014643 0.24678718065702615 0.3797338231400047 0.25315588209333645 0.36629984354778755 0.25554414513195284 0.3412230816423156 0.25395196977287526 0.3246545068119143 0.254748057452414 0.3246545068119143 0.26191284656826325 0.3354016904856881 0.26509719728641834 0.3434620782410184 0.26828154800457354 0.37570362926233947 0.26191284656826325 0.39227220409274066 0.26828154800457354 0.4048105850454766 0.28420330159534946 0.406601782324439 0.26589328496595716
3 0.27450098300097037 0.2985328798270477 0.25121541837446065 0.2953485291088926 0.23957263606120577 0.2953485291088926 0.22613865646898862 0.29614461678843135 0.21091347959780923 0.2945524414293538 0.20822668367936575 0.2873876523135046 0.216287071434696 0.281815038556733 0.2288254523874321 0.2794267755181167 0.2521110170139418 0.2746502494408839 0.26957519048382406 0.26350502192734077 0.2865915646339658 0.25634023281149165 0.28883056123266865 0.2865915646339658 0.2736053843614892 0.28340721391581064
3 0.35062686735686754 0.4784486954028151 0.34570107483972123 0.46809955556881083 0.3425664796015372 0.41794603175786676 0.3461488741594618 0.3271920362904443 0.3492834693976457 0.2953485291088926 0.3488356700779052 0.28818373999304336 0.33495389116594754 0.29057200303165975 0.3246545068119143 0.2921641783907374 0.2982343469472206 0.289775915352121 0.287487163273447 0.28818373999304336 0.28121797279707894 0.3025133182247417 0.2767399795996732 0.3144546334178236 0.2789789761983761 0.38451034921723737 0.28077017347733835 0.43307169766910386 0.28211357143656 0.47446825700512124 0.2830091700760412 0.4927782736345135 0.3049513367433292 0.490390010595897 0.31928091497502753 0.4872056598777419 0.3259979047711361 0.4784486954028151 0.3371928877646504 0.4808369584414315
6 0.7317040884560939 0.6615488616967379 0.7249870986599853 0.6456271081059619 0.7218525034218014 0.6289092668356472 0.7142399149862116 0.6289092668356472 0.7128965170269901 0.6432388450673454 0.6994625374347727 0.652791897221811 0.69722354083607 0.6599566863376601 0.6967757415163294 0.7109062978281429 0.6927455476386641 0.7626519969981644 0.6931933469584046 0.7889228904229448 0.7017015340334756 0.8032524686546431 0.7115531190677683 0.8064368193727983 0.7205091054625795 0.8048446440137207 0.7258826972994666 0.7968837672183327 0.7290172925376504 0.7873307150638672 0.7294650918573911 0.7395654542915396 0.7321518877758345 0.6949845442373672
6 0.7294650918573911 0.6082109871676386 0.7303606904968722 0.5962696719745567 0.7406600748509053 0.5970657596540955 0.7437946700890893 0.6121914255653326 0.7464814660075327 0.621744477719798 0.7446902687285705 0.6352779682719576 0.735734282333759 0.6480153711445783 0.7325996870955751 0.652791897221811 0.7276738945784287 0.6392584066696515 0.7249870986599853 0.6265210037970308 0.7191657075033578 0.6225405653993369
6 0.6860285578425557 0.544523972804535 0.6842373605635934 0.5596496387157721 0.6739379762095602 0.5699987785497764 0.6730423775700791 0.5914931458973238 0.6708033809713763 0.6543840725808886 0.6699077823318951 0.683839316723824 0.6725945782503385 0.6941884565578283 0.6752813741687818 0.6169679516425653 0.6788637687267065 0.5970657596540955 0.6873719558017775 0.5827361814223971 0.6905065510399614 0.5684066031906989 0.6990147381150322 0.5692026908702377 0.6999103367545135 0.583532269101936 0.7061795272308814 0.5875127074996299 0.7057317279111408 0.5747753046270092 0.6967757415163294 0.5596496387157721 0.6967757415163294 0.5461161481636126
1 0.49257925171462874 0.26668937264549597 0.4930270510343693 0.28261112623627177 0.49884844219099667 0.29773679214750887 0.5001918401502184 0.3853064368967762 0.5019830374291806 0.4521778019780349 0.5010874387896996 0.46571129253019433 0.4930270510343693 0.4688956432483495 0.481832068040855 0.4712839062869661 0.47063708504734075 0.4665073802097332 0.46795028912889725 0.4537699773371125 0.46571129253019444 0.3853064368967762 0.46302449661175094 0.35585119275384086 0.4625766972920104 0.33037638700859945 0.46481569389071326 0.30569766894289685 0.47556287756448706 0.2842033015953494 0.47511507824474636 0.26350502192734077
1 0.5682573367507853 0.2571363204910304 0.5673617381113041 0.24041847922071574 0.5772133231455967 0.2380302161820994 0.5843781122614459 0.24041847922071574 0.5843781122614459 0.2523597944137977 0.5781089217850779 0.2539519697728752 0.5740787279074128 0.2619128465682632 0.5745265272271532 0.27544633712042266 0.5655705408323419 0.2969407044679701 0.559301350355974 0.28340721391581064
1 0.5270597993346527 0.28579547695442703 0.5346723877702424 0.26828154800457354 0.5342245884505018 0.2451950052979485 0.5503453639611624 0.24439891761840968 0.5503453639611624 0.25634023281149165 0.5431805748453132 0.258728495850108 0.541389377566351 0.27544633712042266 0.5328811904912801 0.3017172305452029
2 0.287487163273447 0.8549981678246646 0.28480036735500347 0.8096211700909534 0.2803223741575978 0.788126802743406 0.2816657721168195 0.7706128737935525 0.2794267755181166 0.7244397883803024 0.27718777891941376 0.7109062978281429 0.2718141870825269 0.7061297717509102 0.2700229898035646 0.6894119304805956 0.25435001361264464 0.691004105839673 0.25479781293238524 0.7101102101486041 0.24942422109549833 0.7252358760598412 0.25435001361264464 0.7833502766661732 0.2579324081705692 0.8096211700909534 0.2592758061297909 0.8430568526315828 0.2673361938851212 0.8653473076586689 0.27808337755889495 0.8669394830177466
2 0.33316269388698516 0.6496075465036558 0.3215199115737304 0.6480153711445783 0.3210721122539898 0.6671214754535094 0.31883311565528694 0.6758784399284362 0.3268935034106172 0.6782667029670525 0.3282369013698389 0.6949845442373672 0.33584948980542867 0.7244397883803024 0.33898408504361266 0.706925859430449 0.34390987756075897 0.6933923688782895 0.3403274830028343 0.6782667029670525 0.33450609184620694 0.6726940892102811 0.33495389116594754 0.6639371247353542
2 0.29151735715111204 0.6551801602604275 0.30316013946436693 0.6559762479399663 0.30450353742358865 0.6734901768898197 0.3139073231381406 0.6973728072759835 0.3139073231381406 0.706925859430449 0.30450353742358865 0.6933923688782895 0.30002554422618294 0.6822471413647464 0.2919651564708526 0.6782667029670525
