3 0.36554411365698763 0.13772620787489584 0.40109296004517203 0.13168337608513808 0.40194273326560676 0.13974048513814843 0.40080970230502716 0.14251011637512076 0.39542780524227417 0.14351725500674706 0.38579704207734766 0.14527974761209306 0.3775825676131458 0.1447761782962799 0.370076237499306 0.14553153226999965 0.36554411365698763 0.1447761782962799
3 0.403925537446621 0.13369765334839068 0.40194273326560676 0.14276190103302733 0.4258780123078504 0.14930830213859825 0.42601964117792285 0.1389851311644287 0.429560362929734 0.13495657663792354
3 0.4268694143983575 0.1402440544539616 0.4203544863750249 0.242216840906124 0.4581693946843685 0.25304358119610665 0.4534956419719777 0.22786511540544926 0.4624182607865419 0.16768858216577812 0.45066306457052874 0.14351725500674706
2 0.3729088149007549 0.3628216920433729 0.37347533038104475 0.39001443509728273 0.3751748768219141 0.3955536975712274 0.37531650569198655 0.42727856446745577 0.3791404851839426 0.43533567352046604 0.38466401111676807 0.43634281215209236 0.38877124834886906 0.433069611599307 0.389054506089014 0.3973161901765735 0.3876382173882895 0.3920287123605355 0.3870717019079997 0.3688645238331306 0.38353098015618853 0.3555199369640822 0.3825395780656814 0.34570033530572586 0.3794237429240875 0.3434342733845666 0.3763079077824937 0.34469319667409953 0.37588302117227634 0.3532538750429231 0.3755997634321314 0.3567788602536151
2 0.38353098015618853 0.34771461256897845 0.384947268856913 0.3436860580424732 0.38452238224669566 0.3338664563841169 0.3873549596481446 0.3316003944629577 0.39089568139995584 0.3323557484366774 0.3910373102700283 0.34167178077922067 0.39273685671089764 0.34418962735828645 0.3904707947897385 0.34746282791107186 0.3899042793094487 0.351491382437577 0.3910373102700283 0.3547645829903625 0.3904707947897385 0.35753421422733483 0.3884879906087242 0.3640806153329057 0.387779846258362 0.3681091698594109 0.38381423789633345 0.3545127983324559
2 0.3982603826437231 0.3487217512006048 0.3995350424743751 0.34494498133200613 0.39925178473423023 0.3363843029631826 0.40321739309625876 0.3336146717262103 0.4059083416276353 0.33487359501574315 0.4059083416276353 0.34116821146340753 0.40874091902908427 0.3469592585952587 0.4104404654699536 0.3509878131217639 0.40689974371814247 0.3562752909378019 0.4047753106670557 0.3560235062798954 0.4033590219663312 0.3507360284638573
0 0.4859286532185682 0.32958611719970515 0.488053086269655 0.3235432854099473 0.488053086269655 0.3167450996464698 0.4941431276827702 0.3180040229360027 0.49371824107255285 0.3258093473311065 0.5007996845761752 0.3484699665426982 0.4985336226550161 0.35703064491152164 0.49612593186378445 0.36332526135918597 0.4920186946316834 0.34293070406875353 0.4889028594900896 0.33638430296318256 0.4887612306200172 0.3313486098050511
0 0.5023576021469721 0.34393784270037986 0.5073146125995078 0.33235574843667737 0.5074562414695803 0.32631291664691964 0.5112802209615364 0.3258093473311065 0.5135462828826955 0.32706827062063937 0.5141127983629853 0.3321039637787708 0.5160956025439996 0.3391539342001549 0.5200612109060281 0.349728889832231 0.5204860975162455 0.3545127983324559 0.5192114376855934 0.3577859988852413 0.5132630251425506 0.3482181818847916 0.5117051075717537 0.3454485506478192 0.5105720766111741 0.34016107283178115 0.5063232105090008 0.3386503648843417 0.5044820351980589 0.34016107283178115
0 0.5248765924884914 0.35023245914804413 0.5302584895512444 0.33663608762108915 0.531391520511824 0.3255575626731999 0.5379064485351566 0.3275718399364525 0.5369150464446494 0.337895010910622 0.5418720568971851 0.34897353585851126 0.5430050878577647 0.36458418464871883 0.5415887991570402 0.37717341754404754 0.5363485309643596 0.3613109840959334 0.5337992113030556 0.35677886025361505 0.5333743246928382 0.34645568927944553 0.528558943110375 0.34645568927944553 0.5275675410198679 0.34645568927944553 0.5267177677994332 0.3524985210692033 0.5251598502286363 0.3540092290166427
6 0.606029935040004 0.49022472894409913 0.6099955434020324 0.45245703025811307 0.6116950898429019 0.4320624729676805 0.6122616053231916 0.4227464406251374 0.6183516467363068 0.41569647020375333 0.6203344509173212 0.4066322225191167 0.6247249458895671 0.40537329922958376 0.6285489253815232 0.40789114580864955 0.6281240387713057 0.41544468554584674 0.631664760523117 0.4255160718621097 0.632939420353769 0.43483210420465296 0.6269910078107263 0.5005478999182686 0.6206177086574661 0.50633894705012 0.6143860383742784 0.5043246697868673 0.6087208835713805 0.4982818379971095
6 0.6339308224442761 0.43458031954674636 0.6359136266252905 0.4250125025462965 0.6418620391683334 0.4212357326776979 0.64341995673913 0.41393397759840733 0.6476688228413036 0.41343040828259414 0.6514928023332597 0.41720717815119274 0.6502181425026078 0.4237535792567637 0.6537588642544188 0.43004819570442804 0.6548918952149984 0.43810530475743836 0.6539004931244912 0.4486802603895145 0.6512095445931149 0.4663051864429747 0.6461109052705066 0.508101439655466 0.638604575156667 0.512129994181971 0.6313815027829721 0.5098639322608118 0.6274158944209436 0.501555038549895 0.6305317295625374 0.47335515686435875 0.6313815027829721 0.4587516467057774
6 0.6318063893931894 0.42224287130932425 0.633222678093914 0.4104089923877153 0.6373299153260149 0.40436616059795755 0.6407290082077536 0.4031072373084246 0.6417204102982608 0.39756797483448 0.6458276475303619 0.3953019129133209 0.6476688228413036 0.39781975949238657 0.6488018538018833 0.4026036679926115 0.6486602249318107 0.40562508388749036 0.6507846579828974 0.4101572077298087 0.6523425755536943 0.414689331572127 0.6522009466836219 0.422998225283044 0.6512095445931149 0.42199108665141766 0.6514928023332597 0.4149411162300336 0.6486602249318107 0.4131786236246875 0.6455443897902168 0.4124232696509678 0.6429950701289129 0.4131786236246875 0.6417204102982608 0.41771074746700587 0.6403041215975364 0.4207321633618848 0.6373299153260149 0.42199108665141766 0.6352054822749281 0.4242571485725768 0.634214080184421 0.4287892724148951 0.633222678093914 0.43080354967814777
4 0.5673652535102257 0.39605726688704057 0.56934805769124 0.38774837317612365 0.5740218104036308 0.3844751726233382 0.5791204497262389 0.3854823112549645 0.5822362848678327 0.39001443509728273 0.5822362848678327 0.3963090515449472 0.5816697693875429 0.4015965293609852 0.580395109556891 0.40612865320330355 0.5784123053758766 0.4000858214135458 0.57628787232479 0.39781975949238657 0.5728887794430512 0.3963090515449472 0.5706227175218921 0.3968126208607604 0.568073397860588 0.3988268981240129 0.566515480289791 0.40084117538726555
4 0.5822362848678327 0.4013447447030786 0.5847856045291369 0.392280497018442 0.5897426149816725 0.39051800441309603 0.5939914810838459 0.39051800441309603 0.5963991718750775 0.3970644055186669 0.5979570894458744 0.40436616059795755 0.5972489450955123 0.41217148499306133 0.5941331099539183 0.4068840071770233 0.5901675015918899 0.4026036679926115 0.5869100375802235 0.40210009867679836 0.5816697693875429 0.4048697299137707 0.5805367384269633 0.40839471512446274
4 0.577279274415297 0.42853748775698863 0.5795453363364562 0.41821431678281906 0.5829444292181949 0.41544468554584685 0.5877598108006582 0.41393397759840733 0.5901675015918899 0.41569647020375344 0.592433563513049 0.41821431678281906 0.5942747388239908 0.4219910866514177 0.5952661409144979 0.43004819570442804 0.5944163676940631 0.43785352009953177 0.593708223343701 0.44439992120510274 0.5920086769028315 0.4370981661258121 0.5887512128911653 0.43004819570442804 0.5846439756590643 0.4280339184411755 0.5811032539072531 0.4277821337832689 0.5791204497262389 0.42979641104652155 0.5774209032853695 0.43130711899396096
1 0.513581802720106 0.1545943050778664 0.5139100748854752 0.15021734287294378 0.516864524373798 0.14963374791228745 0.5194907016967516 0.14963374791228745 0.5226092872677589 0.1510927353139283 0.5232658315984974 0.15517790003852275 0.5232658315984974 0.16247283704672708 0.5252354645907125 0.16889238161394693 0.5234299676811819 0.17589552114182308 0.5209679264409129 0.17035136901558778 0.52014724602749 0.16364002696803978 0.5191624295313824 0.15838767232213266 0.5155514357123212 0.1557614949991791
1 0.5293388666578275 0.1592630647631172 0.5303236831539351 0.15284352019589736 0.5342629491383654 0.152259925235241 0.5385304872881649 0.15342711515655372 0.5396794398669571 0.15838767232213266 0.5391870316189032 0.16393182444836796 0.540171848115011 0.1697677740549314 0.542141481107226 0.17618731862215126 0.5419773450245414 0.18056428082707388 0.5388587594535341 0.1756037236614949 0.5368891264613189 0.1697677740549314 0.5365608542959498 0.16393182444836796 0.5347553573864191 0.16159744460574255 0.531965043980781 0.16188924208607078
1 0.54870692441461 0.16188924208607078 0.5498558769934021 0.15634508995983543 0.5542875512258862 0.15546969751885092 0.5582268172103166 0.1580958748418045 0.5595399058717935 0.16276463452705528 0.5583909532930011 0.16830878665329055 0.5601964502025317 0.17531192618116673 0.5626584914428008 0.18610843295330917 0.5621660831947469 0.19252797752052897 0.5598681780371626 0.18698382539429367 0.557242000714209 0.17852169846477664 0.5554365038046785 0.1744365337401822 0.5560930481354168 0.16830878665329055 0.5556006398873631 0.16509901436968064 0.5523179182336712 0.1648072168893525
5 0.6151820379018722 0.22380866741170918 0.6174799430594566 0.22001530016744297 0.6191213038863025 0.21768092032481756 0.6219116172919407 0.21709732536416118 0.626671563689794 0.2179727178051457 0.6292977410127476 0.22205788252974018 0.6306108296742243 0.22526765481335004 0.6315956461703319 0.23110360441991354 0.6312673740049627 0.23518876914450795 0.6292977410127476 0.23256259182155442 0.6284770605993246 0.2270184396953191 0.6219116172919407 0.22526765481335004 0.6183006234728795 0.22439226237236554 0.6151820379018722 0.22818562961663183
5 0.6327445987491241 0.23197899686089804 0.6352066399893931 0.22672664221499095 0.6383252255604005 0.22264147749039653 0.6439058523716767 0.22264147749039653 0.6462037575292612 0.22555945229367824 0.6485016626868455 0.22993641449860086 0.6489940709348994 0.23548056662483613 0.6498147513483223 0.2424837061527123 0.6488299348522147 0.2459852759166504 0.6476809822734225 0.23956573134943052 0.6463678936119457 0.2348969716641798 0.6439058523716767 0.2337297817428671 0.640623130717985 0.23285438930188257 0.6383252255604005 0.23256259182155442 0.6360273204028161 0.23285438930188257 0.6342218234932856 0.23431337670352342 0.6320880544183858 0.23693955402647698
5 0.6506354317617453 0.2372313515068052 0.6530974730020144 0.23022821197892904 0.6552312420769141 0.22643484473466277 0.6596629163093982 0.22643484473466277 0.6639304544591976 0.23022821197892904 0.6655718152860437 0.23548056662483613 0.6663924956994667 0.2416083137117278 0.6665566317821512 0.24656887087730672 0.6660642235340974 0.248611453239604 0.6642587266245669 0.24481808599533772 0.6624532297150363 0.2404411237904151 0.6606477328055057 0.23898213638877425 0.6586780998132906 0.23693955402647698 0.6560519224903371 0.23693955402647698 0.6529333369193295 0.2378149464674615 0.6514561121751683 0.24014932631008695 0.6509637039271144 0.2424837061527123 0.6501430235136916 0.24423449103468137
