0 0.46975982826799617 0.5436346314142152 0.47035584916257084 0.5595285219362072 0.47929616258119134 0.5754224124581991 0.47631605810831784 0.5849587467713944 0.47095187005714556 0.581779968666996 0.46141553574395033 0.5711840416523346 0.4590314521656515 0.5828395613684622 0.4518792014307551 0.6019122299948525 0.4459189924850081 0.6199253059197769 0.44532297159043344 0.5902567102787251 0.4548593059036286 0.5658860781450039 0.4566473685873527 0.5499921876230119 0.4584354312710769 0.542575038712749
0 0.5096932282045011 0.5722436343538008 0.5001568938913059 0.5722436343538008 0.49896485210215646 0.5881375248757928 0.49002453868353596 0.6050910080992509 0.49002453868353596 0.6326404183373704 0.5013489356804552 0.6125081570095139 0.5025409774696047 0.5966142664875218 0.5126733326773747 0.597673859188988 0.5132693535719492 0.61356774971098 0.519825583412271 0.6167465278153783 0.5192295625176963 0.5997930445919203
0 0.5460505027735578 0.5997930445919203 0.5311499804091904 0.6389979745461672 0.5311499804091904 0.6887988315150756 0.5311499804091904 0.7915793235572905 0.5424743774061096 0.8148903629895456 0.5621430669270747 0.809592399482215 0.5692953176619711 0.7809833965426293 0.5692953176619711 0.6442959380534979 0.5627390878216495 0.6146273424124462 0.5561828579813277 0.6008526372933864 0.5567788788759025 0.5828395613684622 0.5478385654572819 0.5828395613684622
4 0.6223411772791195 0.652772679665227 0.6211491354899702 0.6389979745461672 0.613400863860499 0.6305212329344382 0.6038645295473037 0.6326404183373704 0.5996923832852809 0.6474747161578963 0.5973082997069821 0.7385996884839839 0.6014804459690051 0.7449572446927807 0.6038645295473037 0.6707857555901513 0.6080366758093267 0.6559514577696254 0.6151889265442232 0.6548918650681592
4 0.6288974071194413 0.669726162888685 0.6312814906977401 0.6517130869637608 0.6432019085892341 0.652772679665227 0.6527382429024293 0.66018982857549 0.6539302846915787 0.6707857555901513 0.6432019085892341 0.6729049409930835 0.6372416996434871 0.6845604607092111
4 0.6288974071194413 0.6983351658282707 0.6145929056496484 0.7025735366341354 0.611612801176775 0.7258845760663903 0.6122088220713496 0.8074732140792826 0.6151889265442232 0.8233671046012746 0.6241292399628436 0.8223075118998086 0.6384337414326364 0.818069141093944 0.6408178250109353 0.7809833965426293 0.6396257832217859 0.7131694636487967 0.6366456787489123 0.7036331293356014
1 0.4857570290783811 0.25112347024747395 0.4696644649248642 0.25218306294894005 0.4696644649248642 0.27019613887386434 0.4631082350845424 0.29774554911198386 0.46370425597911713 0.3221161812457049 0.4702604858194389 0.29880514181345 0.4762206947651859 0.2839708439929241 0.4762206947651859 0.26489817536653365 0.4881411126566799 0.26489817536653365
1 0.501849593231898 0.24582550674014325 0.5179421573854149 0.24370632133721098 0.5209222618582884 0.2617193972621352 0.5125779693342426 0.259600211859203 0.5066177603884956 0.2617193972621352 0.503637655915622 0.28079206588852573 0.49588938428615104 0.29456677100758544 0.4952933633915763 0.2839708439929241 0.5000615305481739 0.26489817536653365
1 0.5739681214754369 0.2712557315753305 0.5733721005808621 0.25218306294894005 0.587676602050655 0.25112347024747395 0.5888686438398044 0.2723153242767966 0.5984049781529995 0.2956263637090516 0.6001930408367236 0.31787781043984037 0.599597019942149 0.3390696644691631 0.595424873680126 0.3496655914838244 0.595424873680126 0.3888705214380714 0.599597019942149 0.41006237546739416 0.6001930408367236 0.44185015651137827 0.593636810996402 0.44926730542164117 0.5829084348940574 0.4524460835260395 0.5715840378971381 0.4503268981231072 0.5632397453730922 0.44079056380991205 0.5608556617947934 0.41430074627325864 0.5626437244785175 0.3719170382146133 0.5638357662676668 0.3390696644691631 0.5644317871622416 0.29244758560465317
5 0.6955563839686757 0.3295333301559679 0.6907882168120781 0.34012925717062925 0.6913842377066528 0.4312542294967168 0.7015165929144227 0.4365521930040475 0.7158210943842156 0.4280754513923184 0.7170131361733652 0.4111219681688603 0.7176091570679397 0.330592922857434 0.7104569063330434 0.3189374031413066 0.7039006764927216 0.3210565885442388
5 0.7432380555346518 0.3168182177383743 0.7432380555346518 0.3072818834251791 0.7545624525315711 0.3019839199178484 0.7652908286339158 0.30622229072371293 0.7652908286339158 0.3168182177383743 0.7533704107424218 0.3210565885442388 0.7468141809020998 0.3295333301559679
5 0.6818479033934577 0.32529495935010333 0.6776757571314349 0.31575862503690816 0.6699274855019636 0.3072818834251791 0.6597951302941938 0.3136394396339759 0.6556229840321709 0.3242353666486373 0.6520468586647226 0.37297663091607947 0.6526428795592973 0.41641993167619096 0.657411046715895 0.4111219681688603 0.657411046715895 0.3560231476926212 0.6597951302941938 0.3316525155589002 0.6645632974507915 0.3263545520515695 0.6711195272911129 0.3263545520515695
3 0.4058902292053712 0.28609002939585637 0.4052942083107965 0.2670173607694659 0.41006237546739416 0.24370632133721098 0.3880096023681301 0.24688509944160938 0.3689369337417398 0.25112347024747395 0.34509609795875174 0.2500638775460078 0.3236393457540625 0.2532426556504062 0.3260234293323613 0.26277898996360144 0.34211599348587834 0.26595776806799987 0.350460286009924 0.2606598045606692 0.3653608083742915 0.2606598045606692 0.3802613307386591 0.259600211859203 0.3909897068410037 0.26489817536653365
3 0.2848979876067069 0.25748102645627075 0.24794469214307552 0.27337491697826277 0.22350783546551278 0.2797324731870595 0.20562720862827175 0.2850304366943902 0.2139715011523176 0.30516269802224677 0.22827600262211034 0.3009243272163823 0.24854071303765018 0.29880514181345 0.27476563239893703 0.29880514181345 0.27834175776638526 0.28397084399292416 0.28668605029043104 0.2850304366943902
3 0.3474801815370505 0.29456677100758544 0.3212552621757637 0.2892688075002548 0.2997985099710745 0.2892688075002548 0.2884741129741551 0.29138799290318707 0.2801298204501093 0.29668595641051776 0.2771497159772358 0.30940106882811136 0.2801298204501093 0.3390696644691631 0.2831099249229828 0.4545652689289718 0.28072584134468404 0.48211467916709133 0.27774573687181053 0.49377019888321877 0.31171892786256844 0.4916510134802865 0.332579659172683 0.47893590106269296 0.3456921188533265 0.47999549376415906 0.36416876658514213 0.47893590106269296 0.35403641137737224 0.4524460835260395 0.3462881397479011 0.4376117857055137 0.3456921188533265 0.37615540902047784 0.3462881397479011 0.3072818834251791
6 0.7450261182183759 0.6156233595518242 0.7450261182183759 0.5997294690298322 0.7342977421160313 0.5976102836269 0.7301255958540084 0.6103253960444935 0.7217813033299626 0.6209213230591549 0.7170131361733652 0.629398064670884 0.7241653869082615 0.6410535843870114 0.7319136585377325 0.6590666603119358 0.7456221391129506 0.6378748062826132
6 0.7217813033299626 0.5456902412550594 0.7319136585377325 0.5467498339565255 0.7331057003268819 0.5605245390755853 0.7378738674834796 0.5668820952843822 0.7420460137455024 0.5848951712093063 0.7384698883780543 0.590193134716637 0.7331057003268819 0.5827759858063741 0.7313176376431578 0.5700608733887804 0.724761407802836 0.5700608733887804 0.7241653869082615 0.5795972077019758 0.7170131361733652 0.5965506909254339 0.7116489481221927 0.6050274325371628 0.7074768018601698 0.590193134716637 0.7080728227547445 0.5764184295975773 0.7182051779625144 0.5626437244785175
6 0.6961524048632505 0.559464946374119 0.6937683212849517 0.5456902412550594 0.6860200496554806 0.5467498339565255 0.684828007866331 0.559464946374119 0.6735036108694118 0.5742992441946451 0.6735036108694118 0.6113849887459597 0.6705235063965383 0.683437292445657 0.6788677989205841 0.5986698763283661 0.6830399451826071 0.5859547639107725 0.6895961750229287 0.581716393104908 0.6907882168120781 0.5700608733887804 0.6967484257578253 0.5711204660902466 0.6979404675469746 0.5859547639107725 0.7021126138089975 0.590193134716637 0.7027086347035721 0.5711204660902466
2 0.2920502383416034 0.6791989216397925 0.2914542174470287 0.6580070676104697 0.3039706562330974 0.6548282895060712 0.30635473981139616 0.6749605508339278 0.3141030114408673 0.6897948486544537 0.3141030114408673 0.7078079245793779 0.30933484428426966 0.7162846661911071 0.30635473981139616 0.6993311829676488 0.30218259354937327 0.6887352559529876
2 0.34986426511534935 0.6739009581324618 0.34867222332619996 0.6558878822075375 0.3594005994285445 0.652709104103139 0.36059264121769385 0.6739009581324618 0.37370510089833736 0.6940332194603183 0.37370510089833736 0.7247614078028362 0.36476478747971686 0.7067483318779118 0.35999662032311924 0.6961524048632505 0.35761253674482046 0.683437292445657
2 0.2699974652423395 0.7025099610720473 0.26642133987489125 0.6866160705500551 0.25569296377254663 0.6887352559529876 0.2545009219833972 0.7078079245793779 0.250924796615949 0.7268805932057686 0.25152081751052374 0.7735026720702785 0.2580770473508454 0.7925753406966688 0.2592690891399948 0.8381378268597126 0.2634412354020177 0.8688660152022305 0.2759576741880865 0.8678064225007645 0.2860900293958563 0.8519125319787723 0.2878780920795804 0.8423761976655771 0.28132186223925876 0.7671451158614815 0.27953379955553465 0.7353573348174975 0.27536165329351175 0.7152250734896409
